0.0
1854620.0
2702886.0
997154.0
1685121.0
1950694.0
1428431.0
350423.0
1180754.0
177115.0
1756738.0
1473853.0
1647499.0
1417144.0
925240.0
1897409.0
3060755.0
872288.0
1450339.0
1432866.0
1692910.0
178795.0
19008.0
913044.0
1581265.0
498869.0
1790023.0
1099544.0
551209.0
1053385.0
809174.0
221058.0
1154319.0
1664015.0
821052.0
1388203.0
9280.0
142539.0
1832466.0
469452.0
1626593.0
2138451.0
904313.0
1532841.0
1213478.0
829705.0
1342150.0
1605475.0
1739590.0
251499.0
776032.0
255134.0
87920.0
1643544.0
1773162.0
1490472.0
1378899.0
52014.0
52793.0
1361621.0
925921.0
45974.0
1122985.0
2338101.0
1243334.0
151883.0
185949.0
282770.0
1884919.0
70180.0
1806408.0
401045.0
9536.0
198477.0
449039.0
424911.0
1248536.0
748273.0
1616191.0
1360091.0
1446149.0
71744.0
51507.0
298874.0
157769.0
1348090.0
1804289.0
910812.0
1099343.0
2118033.0
88636.0
1506430.0
797564.0
15999.0
144234.0
2053175.0
318107.0
51855.0
1558843.0
2455698.0
1541253.0
990758.0
894180.0
1524764.0
945725.0
215431.0
839890.0
164084.0
55890.0
118414.0
872073.0
108299.0
493457.0
1045732.0
944497.0
145731.0
1408658.0
1933988.0
56391.0
57909.0
765746.0
209019.0
1937386.0
2413367.0
522834.0
284851.0
104581.0
1893445.0
781247.0
164391.0
40901.0
1533014.0
1914831.0
1469150.0
2464139.0
1939794.0
1455974.0
605373.0
1429706.0
2072502.0
1421730.0
1378694.0
2283718.0
733667.0
1465893.0
1482154.0
55130.0
1047012.0
1641077.0
6720.0
1570876.0
428110.0
1135007.0
141608.0
1874561.0
341739.0
256066.0
2091484.0
187144.0
59840.0
501495.0
1681876.0
407465.0
674668.0
3109390.0
282461.0
2390409.0
1302147.0
1198160.0
1956151.0
798948.0
634743.0
1698847.0
155383.0
1735387.0
2602005.0
1346612.0
2392326.0
826951.0
1835781.0
2217266.0
1882384.0
1183241.0
1678069.0
51862.0
1169572.0
1215650.0
1553707.0
1692524.0
1877503.0
673033.0
1660185.0
3196840.0
123899.0
1010485.0
404255.0
924468.0
741121.0
1118741.0
254394.0
611850.0
75578.0
1405451.0
989621.0
913851.0
250614.0
55448.0
224084.0
2727781.0
1521865.0
458893.0
1674599.0
25905.0
66404.0
2059761.0
1150154.0
475678.0
1947236.0
738796.0
91718.0
201853.0
388580.0
2769343.0
1029699.0
23738.0
1650257.0
100730.0
63299.0
557912.0
806108.0
2269861.0
2264113.0
911324.0
1167461.0
231254.0
577146.0
291852.0
106619.0
171072.0
863028.0
1828124.0
1065293.0
1412080.0
1378156.0
1713989.0
1571064.0
26432.0
438432.0
1385960.0
1584106.0
1737829.0
0.0
1134651.0
1660756.0
2150062.0
1452851.0
720507.0
862422.0
784302.0
2332943.0
1390302.0
467285.0
117308.0
978139.0
1213345.0
1990202.0
1644192.0
445103.0
7712.0
34392.0
81062.0
927860.0
1548370.0
1838829.0
2197752.0
475634.0
892448.0
1153016.0
493528.0
997173.0
534865.0
2256719.0
1722639.0
314339.0
1980500.0
2769451.0
1386701.0
422801.0
144432.0
85831.0
553959.0
1876294.0
2063776.0
1777277.0
1676306.0
1850584.0
2130509.0
159829.0
1702884.0
1828703.0
1706972.0
1386229.0
1926244.0
524073.0
982023.0
1436025.0
1273654.0
1249809.0
485675.0
1401599.0
1588176.0
88462.0
335236.0
2087837.0
1854751.0
609148.0
2057914.0
2266271.0
267445.0
1092276.0
1389400.0
2229931.0
121744.0
1924219.0
172555.0
224691.0
973129.0
2171834.0
1135716.0
1113502.0
1705696.0
1877664.0
1893217.0
35806.0
498395.0
2137126.0
62348.0
1279333.0
685300.0
1975444.0
1393510.0
1650070.0
1244456.0
1433322.0
1653861.0
83900.0
833288.0
63762.0
206573.0
1916138.0
1805589.0
1292712.0
1935737.0
273101.0
1709477.0
1806289.0
1866791.0
637351.0
120825.0
1590276.0
1676079.0
1398678.0
127272.0
2288004.0
1955644.0
404574.0
2353700.0
1365443.0
1143421.0
1321364.0
1668654.0
1990342.0
1882063.0
1958343.0
1372284.0
0.0
1219696.0
1680728.0
1684483.0
2583169.0
1980255.0
2050945.0
1282514.0
657844.0
1549468.0
2129299.0
597369.0
1477410.0
2110497.0
1323965.0
156481.0
125679.0
856685.0
1480828.0
27588.0
1556806.0
130611.0
