2051377.0
1330837.0
1426944.0
680164.0
2467964.0
1763876.0
1246971.0
63576.0
816356.0
719749.0
2297377.0
2282395.0
2774562.0
1248118.0
1594949.0
1659128.0
2399243.0
1172974.0
1392668.0
2196546.0
72476.0
1952740.0
1435796.0
1642778.0
175834.0
1622498.0
161845.0
100596.0
176628.0
2688221.0
126753.0
250361.0
1213223.0
1370397.0
2578918.0
1543045.0
1327716.0
34624.0
2537221.0
1590590.0
1513633.0
1897207.0
0.0
2167731.0
1082740.0
184477.0
1722876.0
2944957.0
2759825.0
1705570.0
0.0
1849328.0
2233381.0
10740.0
1542522.0
1196023.0
1766731.0
2296332.0
1466111.0
0.0
1753602.0
0.0
0.0
6544.0
1711069.0
1299807.0
6968.0
30976.0
2322333.0
61912.0
1496058.0
1272231.0
2066264.0
1295088.0
1872550.0
1223109.0
1353332.0
1518819.0
1407484.0
283968.0
1374438.0
1175353.0
2608927.0
1115857.0
1437725.0
1361883.0
1486074.0
72131.0
87126.0
1079101.0
1392037.0
1362702.0
534432.0
137615.0
2528479.0
55077.0
861036.0
1471215.0
466488.0
1814728.0
1556583.0
743987.0
1060454.0
1693928.0
1002908.0
2457075.0
747624.0
491003.0
1442512.0
1456783.0
951411.0
1340806.0
328607.0
2037020.0
1430099.0
1716657.0
0.0
604645.0
1357055.0
2041474.0
1525917.0
2404217.0
819235.0
769860.0
1924682.0
1226508.0
1640497.0
1483835.0
1168012.0
2869973.0
1929851.0
1712390.0
2341020.0
561250.0
1828768.0
1417459.0
171836.0
1472920.0
1573082.0
974319.0
1230385.0
1085549.0
32472.0
1005934.0
402041.0
2975416.0
1499163.0
1117077.0
1454683.0
3992.0
2068091.0
2096742.0
230163.0
1049608.0
2155094.0
53056.0
1553040.0
2416726.0
234063.0
2926148.0
1033308.0
1543294.0
1574264.0
2755014.0
1560891.0
1988357.0
632839.0
850104.0
1844357.0
769178.0
1600724.0
2314275.0
797842.0
1908512.0
1121864.0
0.0
134036.0
866998.0
263793.0
1119057.0
2698855.0
2213318.0
59587.0
1804192.0
1192012.0
1431316.0
1202112.0
954332.0
1917480.0
447288.0
1206780.0
80092.0
1898553.0
1155280.0
360259.0
1529814.0
1947962.0
687784.0
56624.0
2011578.0
2358448.0
1774944.0
1228725.0
1504746.0
141440.0
1717408.0
451867.0
541241.0
180760.0
0.0
3136.0
15424.0
1462537.0
2041372.0
1011540.0
1816105.0
239936.0
1625860.0
1378086.0
1613866.0
862358.0
211362.0
691332.0
1528291.0
1493170.0
703520.0
1209430.0
2457029.0
1429179.0
1082187.0
301908.0
1099824.0
1206999.0
1383167.0
836167.0
1801085.0
1696657.0
992429.0
351596.0
1858249.0
898061.0
1848642.0
2804284.0
1215807.0
226639.0
1327519.0
1487772.0
950570.0
1889174.0
1989557.0
1840657.0
1278658.0
0.0
579561.0
1637277.0
905483.0
0.0
1888756.0
1215482.0
1997519.0
1682496.0
456092.0
1784337.0
1489834.0
1553903.0
312209.0
0.0
600384.0
822615.0
1896118.0
2450684.0
1649781.0
1248501.0
1770707.0
2265032.0
1174377.0
332032.0
1807231.0
1506887.0
28960.0
2481920.0
2385006.0
1113859.0
1327839.0
1502449.0
82990.0
117881.0
1743621.0
2051398.0
82945.0
815111.0
1061924.0
1974842.0
1408931.0
1377327.0
303963.0
1960768.0
2767567.0
1686533.0
1406545.0
903975.0
570960.0
1427629.0
1450465.0
2758349.0
2243047.0
1878811.0
995639.0
2325150.0
176836.0
1021806.0
8448.0
1389324.0
2121420.0
1161793.0
1677816.0
109049.0
590977.0
2137104.0
571973.0
84283.0
1444445.0
1299404.0
1470549.0
487820.0
1414700.0
1950136.0
2297516.0
1747993.0
1757571.0
1013818.0
610908.0
2132087.0
2966381.0
124464.0
2522770.0
2314168.0
1035403.0
1713188.0
1404798.0
1434702.0
256451.0
1707009.0
2186483.0
0.0
1109619.0
2276510.0
2115342.0
1857336.0
