1098672.0
1123272.0
888584.0
370283.0
885534.0
1215255.0
1488204.0
634341.0
1430497.0
1021220.0
224736.0
25920.0
496748.0
757764.0
1130514.0
1604760.0
415546.0
1192068.0
1125916.0
666332.0
977495.0
1071691.0
1305526.0
825162.0
592533.0
1352596.0
1065578.0
366585.0
780019.0
138228.0
1243058.0
209172.0
837668.0
1032177.0
458048.0
1239225.0
2163821.0
32920.0
858188.0
1146538.0
975635.0
113360.0
493931.0
779313.0
235809.0
427274.0
1281695.0
863142.0
1146852.0
1075484.0
452741.0
967121.0
47360.0
26816.0
1008301.0
1170686.0
957348.0
970607.0
1122167.0
1487786.0
975934.0
956847.0
1233350.0
871249.0
549440.0
1444920.0
1491063.0
1476879.0
252075.0
1033016.0
680363.0
733354.0
1064633.0
1231926.0
1236434.0
1405402.0
1012807.0
1090165.0
1978451.0
1184587.0
795818.0
658040.0
965946.0
669601.0
1482007.0
643393.0
1531123.0
582198.0
238112.0
863266.0
1331224.0
719045.0
1341632.0
964542.0
660166.0
820738.0
839308.0
936529.0
1080534.0
1154999.0
2139889.0
1203367.0
1139352.0
884863.0
1181559.0
1025317.0
1015294.0
1165863.0
194619.0
1763955.0
1509246.0
1584555.0
559065.0
88464.0
779543.0
658347.0
338839.0
1104595.0
706993.0
669034.0
696144.0
358080.0
951797.0
103008.0
287015.0
892800.0
39472.0
1224191.0
876784.0
1179690.0
1066624.0
1856.0
778798.0
6840.0
836104.0
1903020.0
921167.0
1339511.0
597155.0
1037520.0
995746.0
727976.0
1038334.0
95829.0
1526962.0
1279864.0
2065868.0
984355.0
242084.0
2159675.0
1366310.0
1027690.0
1413050.0
1282487.0
974779.0
731935.0
1219692.0
1329799.0
1041083.0
848869.0
29992.0
1065576.0
697361.0
671614.0
1284001.0
162305.0
1167193.0
408713.0
870316.0
839416.0
988391.0
581248.0
1102738.0
151902.0
1194200.0
2065545.0
19788.0
1105825.0
44032.0
1329888.0
1371105.0
1080620.0
358758.0
1052021.0
158400.0
0.0
1234398.0
1068941.0
336770.0
1177919.0
1066653.0
1069696.0
1157153.0
1563769.0
1126068.0
1022482.0
293786.0
990718.0
701340.0
1983042.0
54715.0
830643.0
581632.0
1972748.0
749384.0
1370635.0
945959.0
1324184.0
748960.0
1209363.0
1041833.0
1020810.0
1379854.0
1256924.0
1122479.0
2104135.0
1361914.0
1011616.0
1383398.0
894193.0
1235626.0
650379.0
628408.0
1081026.0
956413.0
1355352.0
1444541.0
130264.0
1236366.0
871802.0
688768.0
514176.0
1329336.0
619581.0
1645180.0
1473955.0
1119076.0
1214628.0
1226558.0
654498.0
931521.0
1064637.0
1134967.0
878281.0
1724608.0
822163.0
983238.0
1005856.0
1021775.0
846519.0
1112595.0
863864.0
1065919.0
1247958.0
896392.0
988715.0
1137754.0
694512.0
7744.0
3584.0
388532.0
1074773.0
1940774.0
867329.0
822478.0
1080264.0
811921.0
1781803.0
898852.0
1443732.0
45726.0
1111180.0
874270.0
1317754.0
659066.0
1291371.0
54728.0
1252541.0
1168165.0
719448.0
1049086.0
1262688.0
1120040.0
1128869.0
578590.0
1035219.0
1400450.0
1128064.0
1005201.0
1049850.0
1597788.0
1067874.0
884013.0
1227893.0
782553.0
1205379.0
1163831.0
114952.0
1191190.0
1210398.0
1709734.0
1123458.0
113393.0
1369462.0
1186293.0
1276445.0
1497871.0
551636.0
1269414.0
129858.0
1257993.0
1069940.0
731082.0
1341933.0
1496876.0
1494664.0
495040.0
1219015.0
1417556.0
782815.0
23528.0
1545076.0
983381.0
1311131.0
2384415.0
1094206.0
1451158.0
236296.0
59672.0
839331.0
945663.0
57075.0
1007897.0
1252716.0
842057.0
1049695.0
1738327.0
1185369.0
196239.0
833776.0
1960428.0
559040.0
1310314.0
1513529.0
499456.0
1331626.0
1110719.0
1245241.0
1258847.0
1563984.0
1172082.0
350016.0
1258039.0
939953.0
1648235.0
1550480.0
1787622.0
1012479.0
1107466.0
2904.0
935522.0
965170.0
1236912.0
918191.0
1188099.0
1181882.0
1275564.0
1200441.0
1997397.0
1178086.0
1444883.0
1467414.0
1185755.0
1129317.0
61045.0
747251.0
884761.0
508480.0
926971.0
1399533.0
1264027.0
1214000.0
1146289.0
1214548.0
1161949.0
884266.0
1575706.0
1025597.0
1242829.0
833022.0
1383009.0
357518.0
44396.0
370368.0
1291526.0
889425.0
125333.0
1006423.0
743622.0
1422147.0
1112623.0
1511820.0
2111599.0
427084.0
1524075.0
962155.0
466860.0
547067.0
935519.0
176579.0
99307.0
729447.0
1217767.0
472559.0
1423154.0
1404173.0
914860.0
881034.0
588800.0
1011795.0
1613283.0
1438156.0
1224287.0
686181.0
2736412.0
1474905.0
163264.0
1673091.0
975121.0
655312.0
1141960.0
1108018.0
865553.0
997760.0
925806.0
655943.0
1382170.0
1056486.0
1375367.0
797301.0
1618090.0
1381267.0
1144452.0
1341283.0
1582107.0
1466757.0
1306199.0
1512407.0
51136.0
689984.0
1135996.0
195378.0
553344.0
794907.0
910574.0
765923.0
1221208.0
1716478.0
917103.0
989240.0
164539.0
1216353.0
692029.0
1435188.0
891521.0
709200.0
1453149.0
1024309.0
1368383.0
754787.0
936115.0
642765.0
261078.0
1490152.0
1333232.0
1381334.0
950502.0
1138143.0
803220.0
1112306.0
1354295.0
1564142.0
1317116.0
1389595.0
2219945.0
1171048.0
1050500.0
1004796.0
1425051.0
367262.0
1293353.0
1326470.0
2232879.0
1021489.0
1276195.0
1248399.0
1300133.0
861532.0
1147758.0
355316.0
655175.0
691213.0
1269897.0
1147559.0
1584449.0
184181.0
1372325.0
920348.0
1147458.0
662253.0
1436229.0
1503421.0
1189123.0
1029840.0
46960.0
903898.0
569344.0
489664.0
766185.0
905404.0
1019217.0
1264221.0
780394.0
525504.0
157248.0
1369027.0
2201938.0
1076129.0
46305.0
960135.0
1268062.0
1184497.0
1310953.0
1030865.0
869996.0
1154688.0
991390.0
1381716.0
751265.0
1151830.0
1048721.0
1355241.0
563772.0
858868.0
1529306.0
1319006.0
539930.0
160016.0
1416372.0
907341.0
80993.0
132547.0
320096.0
289216.0
711548.0
1232325.0
1480978.0
338144.0
658880.0
1416382.0
397184.0
1411458.0
1045807.0
1058519.0
120365.0
1706312.0
733209.0
91576.0
1424415.0
2033569.0
576274.0
853114.0
1426203.0
99256.0
1092843.0
1038696.0
1368922.0
801769.0
1114423.0
544888.0
1289082.0
994135.0
1012885.0
1150223.0
797179.0
1456910.0
1125026.0
1031875.0
1873498.0
2028801.0
75552.0
725343.0
1273928.0
1119064.0
2294838.0
1244851.0
921247.0
1113747.0
1050046.0
137155.0
1379531.0
1333782.0
1442422.0
1125385.0
63104.0
959699.0
1517346.0
1013882.0
1064318.0
1558336.0
1870005.0
1204803.0
1916188.0
272680.0
211592.0
970209.0
142132.0
887898.0
1227883.0
862016.0
982828.0
1338944.0
975586.0
1682986.0
926321.0
848789.0
942292.0
435712.0
1195352.0
1198357.0
1175040.0
1318855.0
1158663.0
1329845.0
374713.0
288127.0
1076026.0
1234820.0
1245620.0
332567.0
705605.0
1275657.0
294928.0
827153.0
469056.0
494400.0
1160955.0
1034285.0
1354530.0
20248.0
1118372.0
216937.0
1478911.0
181432.0
1240438.0
847830.0
1067303.0
906289.0
397408.0
1076030.0
877690.0
1120049.0
688109.0
1313017.0
1084994.0
1263073.0
986572.0
1196634.0
1523699.0
972189.0
163392.0
826083.0
1059145.0
754620.0
974905.0
1278356.0
1081536.0
748417.0
1208609.0
55872.0
1025301.0
720691.0
310848.0
802600.0
64096.0
1375138.0
922806.0
1044406.0
764715.0
1458800.0
1035483.0
403356.0
75944.0
1348207.0
1242350.0
825191.0
1566396.0
1151928.0
570362.0
720865.0
1315176.0
140184.0
474816.0
1075208.0
1431996.0
1165789.0
1812859.0
1128813.0
1072308.0
1192651.0
1012140.0
1010665.0
847309.0
868145.0
502308.0
1205494.0
942164.0
1374019.0
2032862.0
1438555.0
1492856.0
909640.0
176164.0
1038880.0
688894.0
213120.0
1044009.0
1348472.0
867250.0
651648.0
223395.0
1461678.0
1440916.0
59904.0
381406.0
1647800.0
1052442.0
1259489.0
1077392.0
955732.0
1164935.0
1039218.0
1549633.0
1170994.0
1152524.0
1226038.0
146668.0
1374247.0
1403918.0
1213626.0
750878.0
247297.0
2230853.0
51264.0
443840.0
1088293.0
1282140.0
1342685.0
1407973.0
1315903.0
924885.0
514853.0
668800.0
1192488.0
533561.0
1347230.0
874551.0
1468106.0
1435281.0
1415671.0
1098243.0
1344628.0
928120.0
1042029.0
1576209.0
1541348.0
1746630.0
1265624.0
2129259.0
1583601.0
1219391.0
662142.0
45200.0
267031.0
523552.0
663327.0
989525.0
930404.0
498162.0
1034699.0
1147555.0
1185237.0
1285616.0
1330664.0
44904.0
1079079.0
1205312.0
208164.0
1036928.0
1017155.0
1229594.0
943243.0
952734.0
935832.0
54273.0
1172216.0
940490.0
739354.0
957066.0
956326.0
2010414.0
733211.0
1030663.0
911100.0
1062949.0
475641.0
947594.0
673896.0
1227809.0
392064.0
1556371.0
201344.0
1619099.0
105880.0
977664.0
903745.0
1527239.0
2173392.0
922256.0
382742.0
834990.0
726464.0
1161264.0
728699.0
580364.0
1326765.0
774378.0
822417.0
0.0
720775.0
1036315.0
1302257.0
1358104.0
914838.0
1073094.0
1123507.0
1430907.0
839717.0
1955670.0
1268824.0
928324.0
1138041.0
1099263.0
1605508.0
916208.0
888324.0
1239897.0
670054.0
365855.0
981597.0
943067.0
1292575.0
421261.0
1039872.0
1884064.0
1265910.0
1642750.0
1105485.0
2063587.0
112066.0
829748.0
343616.0
1251492.0
1738439.0
799704.0
0.0
1232542.0
902407.0
623528.0
1849899.0
939487.0
1001296.0
28848.0
1059938.0
20176.0
1188107.0
1065814.0
1373114.0
1319931.0
1086817.0
1786747.0
1290168.0
1224046.0
838544.0
1145971.0
1369409.0
1055112.0
1364621.0
1037703.0
782980.0
17088.0
970074.0
947454.0
1362900.0
1168440.0
1790036.0
205805.0
874224.0
1001751.0
962454.0
1748746.0
415064.0
511101.0
197686.0
1583938.0
750446.0
1380885.0
206472.0
810422.0
42656.0
1101014.0
1242689.0
997795.0
1633655.0
1080260.0
866109.0
945464.0
853155.0
1262444.0
446227.0
1369762.0
1412766.0
953378.0
1520849.0
1468097.0
855154.0
1618207.0
649929.0
1058199.0
501056.0
1981520.0
260096.0
1308492.0
563216.0
1220821.0
1208654.0
481932.0
1315178.0
2206904.0
938346.0
119966.0
892312.0
1059216.0
491364.0
301024.0
483904.0
429563.0
1137546.0
1291711.0
931222.0
1050629.0
1081351.0
952130.0
1325743.0
1240093.0
1030080.0
644769.0
194442.0
2257020.0
1308792.0
2004122.0
1344746.0
958219.0
973448.0
1050032.0
1835277.0
893733.0
993999.0
1264516.0
779431.0
729045.0
1130730.0
270274.0
851546.0
1156834.0
1294564.0
787813.0
1483089.0
677559.0
944043.0
1068689.0
1591030.0
1307064.0
929192.0
1439475.0
465810.0
748207.0
1123829.0
1085869.0
1403645.0
1167501.0
3584.0
540485.0
1053175.0
1358722.0
223216.0
1110746.0
126580.0
1235817.0
1098962.0
9712.0
937066.0
59904.0
1412589.0
1650181.0
1064693.0
1186049.0
140584.0
450112.0
1460449.0
1045110.0
1682312.0
1362668.0
1447343.0
706565.0
166956.0
2020241.0
1288345.0
58688.0
733824.0
27160.0
1083998.0
883761.0
234289.0
1279631.0
923039.0
943952.0
1367450.0
1039794.0
1053881.0
1297909.0
1178335.0
1798325.0
1271623.0
715502.0
1109816.0
961308.0
1444162.0
942413.0
1021608.0
1106387.0
704683.0
981250.0
953951.0
1060627.0
1081198.0
821541.0
1293131.0
1471160.0
1374580.0
502464.0
922742.0
920911.0
1518566.0
975011.0
1033977.0
173581.0
1097757.0
370304.0
1333551.0
2046278.0
136894.0
774901.0
1142849.0
1437079.0
1032140.0
49598.0
1304746.0
1246048.0
987559.0
1127030.0
847216.0
1281669.0
353153.0
1064623.0
904192.0
1610823.0
64032.0
106176.0
646641.0
506616.0
761565.0
756231.0
907466.0
1258228.0
880215.0
1217699.0
249672.0
1730587.0
1297685.0
1137674.0
1643119.0
955725.0
1174963.0
467904.0
1007637.0
834799.0
1842293.0
1151659.0
290690.0
944581.0
1439486.0
1415631.0
200425.0
1415542.0
961295.0
774195.0
950627.0
836182.0
801072.0
1155490.0
1021699.0
909136.0
152853.0
338560.0
1252593.0
1733545.0
263049.0
137948.0
650519.0
524800.0
1154278.0
1203209.0
850091.0
1075893.0
1194172.0
364454.0
1619061.0
864099.0
890125.0
1705204.0
878956.0
51793.0
1461885.0
1378381.0
1182134.0
1328014.0
1093575.0
1211210.0
343357.0
1068533.0
908523.0
180162.0
55482.0
922469.0
1194548.0
897672.0
1255449.0
1237780.0
859523.0
115160.0
236412.0
1384691.0
508736.0
877854.0
540381.0
1716505.0
554706.0
570112.0
972688.0
92083.0
42432.0
752436.0
1464330.0
1303895.0
602182.0
987990.0
47856.0
964491.0
1181488.0
1518913.0
1134045.0
1110922.0
1179968.0
958344.0
1076376.0
1080907.0
1241592.0
1155710.0
184639.0
1164373.0
131341.0
777603.0
921060.0
1255977.0
1084092.0
9944.0
1258596.0
954072.0
875071.0
1122019.0
1237649.0
1358953.0
1399725.0
525516.0
1188980.0
559809.0
1350153.0
1626734.0
644096.0
942159.0
1315075.0
1138415.0
1088728.0
1047208.0
1523922.0
1303094.0
1037398.0
502541.0
652992.0
89216.0
428224.0
1503921.0
1047368.0
1304391.0
2186491.0
1272705.0
1165207.0
1334535.0
1378511.0
1024269.0
1114973.0
60448.0
1193340.0
231446.0
15733.0
1019746.0
982704.0
1197245.0
572181.0
2227653.0
1353377.0
1033650.0
1530948.0
1307379.0
571530.0
1067308.0
1362312.0
1327084.0
1201854.0
1240877.0
1046436.0
169346.0
1220787.0
955174.0
1326329.0
769635.0
1357951.0
165409.0
2207741.0
1336398.0
2058217.0
232547.0
794802.0
1099033.0
1140292.0
1308147.0
819574.0
1422812.0
1190557.0
899938.0
41960.0
1885562.0
970499.0
1167570.0
1069446.0
624646.0
1097692.0
1313124.0
1483634.0
1153676.0
1445317.0
930294.0
938740.0
859398.0
914082.0
850162.0
1377538.0
1424660.0
64656.0
2760635.0
1410779.0
1144046.0
1436841.0
765240.0
977673.0
1483168.0
1215742.0
1238097.0
728834.0
952808.0
1009238.0
615836.0
869417.0
1800078.0
812526.0
1148499.0
927917.0
1085479.0
694912.0
1123574.0
1286034.0
1847194.0
1825290.0
1529764.0
937183.0
1448546.0
808022.0
1213603.0
307441.0
1506088.0
1166432.0
2054294.0
763514.0
1403302.0
991182.0
859773.0
565568.0
1262804.0
1020082.0
1691109.0
1849303.0
932148.0
1079154.0
1142162.0
1243207.0
1413822.0
985899.0
1023924.0
1286182.0
1404190.0
1789516.0
1184651.0
917038.0
1563639.0
1127636.0
1588713.0
973153.0
1723044.0
997259.0
2050621.0
464880.0
1229050.0
56344.0
607053.0
797130.0
459735.0
1882829.0
512640.0
997054.0
932220.0
1076496.0
1314034.0
936721.0
1175274.0
76012.0
1195280.0
994658.0
1353461.0
654488.0
1107078.0
1025374.0
832599.0
2099798.0
913796.0
1142491.0
1255375.0
137408.0
1356263.0
1393557.0
1666561.0
1022169.0
929132.0
1244237.0
79808.0
1310379.0
350336.0
1369252.0
1027487.0
1119056.0
1026257.0
1285245.0
768781.0
876393.0
1402892.0
1379924.0
399680.0
991343.0
1405595.0
78551.0
2166359.0
117272.0
1264442.0
1635101.0
906904.0
1075793.0
1214109.0
72832.0
857126.0
1508169.0
1137302.0
1234561.0
1086681.0
175697.0
1076860.0
82859.0
1824866.0
1544204.0
956999.0
700016.0
798516.0
288972.0
765900.0
1066635.0
182333.0
1298256.0
1868108.0
1103320.0
1276086.0
69129.0
75200.0
1325627.0
407122.0
1866077.0
1054499.0
925498.0
1531078.0
1090559.0
925294.0
1382190.0
1168946.0
1273195.0
1361368.0
651916.0
1123356.0
1470116.0
334944.0
1318490.0
1334697.0
1379034.0
901484.0
1028529.0
1615557.0
1260403.0
618569.0
1127143.0
912199.0
738357.0
281568.0
1539821.0
2214732.0
566825.0
988775.0
1037554.0
66694.0
991716.0
534912.0
756492.0
1291878.0
1068716.0
1250857.0
1218948.0
1848461.0
1201668.0
1212586.0
1430461.0
1250514.0
1669490.0
1143347.0
916257.0
1848412.0
1000732.0
1015136.0
2316537.0
1880175.0
766727.0
2009352.0
1224256.0
575672.0
551112.0
1154588.0
810128.0
1386163.0
1027898.0
1367316.0
392938.0
850293.0
738535.0
238522.0
782201.0
187406.0
1154863.0
143680.0
258600.0
864234.0
130808.0
136184.0
1120634.0
926881.0
14003.0
549157.0
1067541.0
1012497.0
887586.0
432044.0
1147380.0
592995.0
1243290.0
1085756.0
887987.0
110208.0
1175865.0
1136953.0
927648.0
1270495.0
2330962.0
604819.0
1869052.0
1226782.0
188533.0
1159482.0
1498980.0
56024.0
1030281.0
1307623.0
853232.0
1005806.0
1911408.0
1888439.0
1053296.0
812014.0
1293383.0
92380.0
0.0
1215179.0
371072.0
683553.0
407035.0
850429.0
597408.0
991923.0
1354190.0
500544.0
2062978.0
1117944.0
1191442.0
1435810.0
102168.0
1240872.0
1069262.0
225167.0
1212614.0
1123772.0
379730.0
1143048.0
1062756.0
392509.0
1301252.0
124967.0
1228267.0
55360.0
147257.0
1500635.0
1394658.0
1563403.0
203485.0
1340794.0
460864.0
1981899.0
1079981.0
1405904.0
1272161.0
1473613.0
1224770.0
456256.0
1077924.0
1306825.0
973500.0
1083704.0
1125840.0
1342563.0
66712.0
1097598.0
1179930.0
1348999.0
1252696.0
905669.0
332096.0
1482317.0
1805808.0
230478.0
132096.0
1082374.0
1344753.0
1064518.0
1197802.0
1018657.0
962449.0
502656.0
896816.0
794699.0
659005.0
1122500.0
1164948.0
184432.0
543699.0
1439005.0
1045559.0
1022843.0
1375658.0
808217.0
1224448.0
1183496.0
1968112.0
490560.0
1367062.0
1592262.0
417459.0
45502.0
1163567.0
679208.0
820004.0
996537.0
1363148.0
472790.0
1320143.0
123824.0
1215051.0
453645.0
1694399.0
923206.0
1091723.0
73535.0
1055675.0
1431288.0
981003.0
1537291.0
1042278.0
1433953.0
693837.0
748164.0
1401393.0
706752.0
337920.0
1147663.0
1197461.0
180607.0
831155.0
1086085.0
997653.0
465844.0
740985.0
1360970.0
869580.0
12008.0
1065037.0
1392294.0
777268.0
1220777.0
313810.0
588986.0
494656.0
879685.0
206923.0
1228249.0
1165792.0
379012.0
532899.0
1206261.0
1395786.0
2053651.0
638528.0
994932.0
888625.0
1396662.0
1207840.0
1044201.0
1123248.0
1477398.0
779748.0
941411.0
113545.0
1400650.0
207158.0
1491544.0
1956307.0
1054695.0
697581.0
1064311.0
1596161.0
1093624.0
386048.0
1230824.0
450176.0
1617436.0
1791146.0
937927.0
1008515.0
1182012.0
130237.0
119936.0
1004985.0
680901.0
1979179.0
671629.0
4000.0
1005843.0
1080421.0
1233686.0
968878.0
917777.0
978190.0
923850.0
1012595.0
1496437.0
175670.0
658313.0
1355525.0
788680.0
1215019.0
57280.0
1123753.0
1225816.0
119615.0
1176189.0
764960.0
1655667.0
435136.0
1278456.0
835427.0
929398.0
1564578.0
1460957.0
1063815.0
800749.0
1021549.0
1181914.0
760525.0
1546323.0
1377923.0
830467.0
1418104.0
964441.0
15064.0
1384662.0
581762.0
78700.0
562657.0
1212994.0
880681.0
1789328.0
709936.0
576448.0
1060210.0
780688.0
988501.0
2059348.0
1359920.0
1264828.0
1085144.0
693231.0
1057813.0
1134766.0
1687727.0
718400.0
1266443.0
635776.0
1017746.0
1650214.0
1068867.0
1520885.0
1957919.0
790461.0
1286004.0
1153141.0
1003646.0
1241644.0
1187257.0
911434.0
1484431.0
1348396.0
1149242.0
1845488.0
1020326.0
1031092.0
1331279.0
81973.0
544768.0
1182128.0
325824.0
1306074.0
8344.0
1389114.0
1820315.0
1003405.0
891833.0
807781.0
1574547.0
468416.0
99133.0
1340859.0
1757693.0
634574.0
70976.0
17784.0
1097865.0
2143855.0
1402855.0
1053799.0
1058565.0
670100.0
1039076.0
748476.0
85529.0
426835.0
442533.0
395904.0
2101648.0
1417121.0
790583.0
1464586.0
1174330.0
1053677.0
1247338.0
575931.0
768738.0
1473571.0
435727.0
88201.0
1109963.0
799573.0
877877.0
2048784.0
556871.0
1161803.0
318044.0
2330097.0
741600.0
1040945.0
1627116.0
1687808.0
472064.0
1200768.0
491328.0
1681517.0
1362205.0
849669.0
1438429.0
376344.0
935608.0
703031.0
1527724.0
289376.0
1847200.0
511424.0
769216.0
965072.0
16216.0
2273045.0
1442161.0
914333.0
1294465.0
945830.0
149642.0
536957.0
780792.0
463872.0
370752.0
896917.0
1342459.0
146461.0
1120334.0
1157998.0
902913.0
1411627.0
1142343.0
1385457.0
1086119.0
256327.0
1113622.0
1175258.0
1691889.0
991016.0
181088.0
1300025.0
1607707.0
1361088.0
1613640.0
1480091.0
1973210.0
231973.0
943868.0
1156061.0
930427.0
1016898.0
1534260.0
1254921.0
1674360.0
860866.0
959098.0
1014264.0
1306668.0
1155006.0
1622707.0
135738.0
0.0
843211.0
1060376.0
1222016.0
1256365.0
777804.0
1336101.0
816437.0
831820.0
1710821.0
1584808.0
1406310.0
1108398.0
906788.0
406840.0
1766770.0
581361.0
813017.0
643882.0
841560.0
3672.0
1186802.0
1043094.0
1523356.0
1263556.0
1110900.0
1206950.0
960671.0
42586.0
1175200.0
836311.0
1004782.0
2028460.0
173372.0
880968.0
1042849.0
914939.0
1906125.0
1172473.0
1014924.0
1155776.0
704352.0
894469.0
1167385.0
1218113.0
868886.0
876471.0
1115509.0
1725117.0
1310135.0
1510519.0
518484.0
1377233.0
1319945.0
1173588.0
810180.0
1335360.0
592704.0
1939640.0
1292529.0
1638192.0
629749.0
746374.0
1421128.0
1186236.0
1016056.0
1017591.0
754430.0
1212714.0
1337491.0
581143.0
1144915.0
446017.0
583101.0
1452689.0
27920.0
1166571.0
799069.0
1111397.0
284343.0
1250806.0
1299935.0
1685063.0
1722959.0
1128412.0
2040419.0
1193246.0
974175.0
1581676.0
1128149.0
564836.0
907086.0
1453575.0
39864.0
989618.0
1368819.0
1234008.0
6912.0
1061992.0
1176184.0
914837.0
1376876.0
1407615.0
17432.0
485243.0
782644.0
627761.0
1686505.0
1426407.0
535393.0
1379893.0
1173294.0
733964.0
684406.0
430683.0
99304.0
971616.0
315648.0
1009624.0
528497.0
1138560.0
1374560.0
1451689.0
576320.0
1365890.0
1175969.0
278041.0
352610.0
908215.0
832066.0
1621135.0
425984.0
1234086.0
873011.0
896326.0
1050644.0
2838915.0
470656.0
168428.0
1040138.0
737967.0
1478682.0
1117789.0
1577556.0
681245.0
1619283.0
646385.0
836128.0
1378258.0
889842.0
1738673.0
1046154.0
237504.0
937433.0
1480576.0
232218.0
1374612.0
581372.0
1897428.0
1003893.0
906525.0
843295.0
43856.0
923726.0
791344.0
1187489.0
55560.0
800864.0
806953.0
749856.0
860677.0
823888.0
1185947.0
47792.0
1322830.0
980398.0
975922.0
1168399.0
443840.0
755694.0
964455.0
54244.0
1208816.0
1180459.0
828256.0
938937.0
1535985.0
1203336.0
1246113.0
1008425.0
808975.0
1133286.0
959388.0
881943.0
62130.0
1295784.0
1283722.0
1052244.0
145088.0
1055256.0
1130754.0
617269.0
1413027.0
839816.0
264617.0
868156.0
818669.0
1010421.0
1130866.0
188452.0
1921759.0
1372456.0
2152294.0
81777.0
881110.0
537792.0
1460988.0
1030737.0
867937.0
1122855.0
857668.0
918074.0
610240.0
1195913.0
274062.0
1118445.0
1345782.0
899008.0
116975.0
1607653.0
1278292.0
973135.0
968433.0
451205.0
887728.0
40156.0
1079532.0
399607.0
1120162.0
1124396.0
1404460.0
1221684.0
115432.0
955468.0
1312104.0
1478749.0
1054367.0
1647507.0
374592.0
1472540.0
1112791.0
873128.0
735602.0
667990.0
1767945.0
1378437.0
897869.0
895319.0
109640.0
969035.0
1822538.0
1606718.0
1713922.0
1345121.0
1301067.0
849750.0
1163212.0
702928.0
1599676.0
1069624.0
1042837.0
721824.0
669274.0
526566.0
867732.0
1323208.0
951602.0
1266518.0
1048774.0
293212.0
500196.0
97728.0
1230119.0
933167.0
384384.0
387712.0
965849.0
1447385.0
657519.0
1119577.0
1417870.0
1309821.0
1306409.0
725009.0
348769.0
1410888.0
1428964.0
397120.0
852262.0
1200969.0
51768.0
84024.0
1127181.0
823352.0
835309.0
547769.0
14872.0
1093117.0
1197370.0
591428.0
903576.0
1319087.0
1379923.0
1680299.0
1392788.0
1411763.0
1242456.0
1600428.0
1035449.0
833842.0
387805.0
599691.0
1184050.0
920279.0
58424.0
964679.0
773228.0
1164842.0
1171924.0
1366281.0
1158519.0
1154681.0
1280350.0
157561.0
897607.0
1965158.0
1037571.0
1794323.0
882444.0
65623.0
1196652.0
1366179.0
590464.0
55628.0
889952.0
1021537.0
1077161.0
1508136.0
1165246.0
1874165.0
16840.0
752340.0
1724897.0
1227527.0
1416519.0
1051542.0
1273677.0
846174.0
2085561.0
409644.0
1166046.0
1773963.0
1003240.0
507200.0
9680.0
485632.0
1236571.0
16512.0
1488369.0
134708.0
1036383.0
1762783.0
1132851.0
1212595.0
983486.0
1113008.0
1546568.0
1264871.0
668766.0
854478.0
1847590.0
1221578.0
1206232.0
1305448.0
93504.0
1159007.0
944523.0
1991789.0
453163.0
1369414.0
346432.0
1210934.0
1253770.0
957934.0
417111.0
167547.0
2119147.0
1089787.0
1306776.0
1053653.0
558976.0
1271043.0
116888.0
221056.0
171668.0
1130915.0
799381.0
2105190.0
279969.0
1378221.0
1536495.0
1012784.0
888892.0
1208805.0
756247.0
1346530.0
2068640.0
205072.0
1317593.0
995199.0
1028662.0
1176954.0
1630386.0
1593039.0
880959.0
558845.0
7284.0
1395831.0
1245397.0
222980.0
77313.0
287832.0
1532634.0
1102398.0
678784.0
776276.0
1327773.0
988294.0
1362253.0
2285329.0
1069851.0
967921.0
515136.0
396085.0
1158720.0
1294839.0
995795.0
598208.0
596825.0
285952.0
1438596.0
1184619.0
1181162.0
1447338.0
1102044.0
1227542.0
1111070.0
1433245.0
1378548.0
1066948.0
1681342.0
1193805.0
77216.0
727280.0
974616.0
1260738.0
1146452.0
1088185.0
1218857.0
1276413.0
1188459.0
465728.0
1550222.0
1929950.0
13542.0
2785291.0
144992.0
198032.0
802525.0
1103096.0
1356308.0
981346.0
1979120.0
765568.0
1359544.0
1207661.0
1451563.0
940653.0
35456.0
1606832.0
1667689.0
1021696.0
687680.0
1468775.0
1458811.0
850465.0
833109.0
852688.0
1100816.0
983009.0
724336.0
571742.0
548247.0
1121755.0
1294406.0
417600.0
1005209.0
1377978.0
992866.0
1646553.0
911527.0
988829.0
213237.0
841166.0
50897.0
1116116.0
1889130.0
1130680.0
883827.0
1286816.0
1446782.0
561411.0
1292012.0
1083899.0
955835.0
1435032.0
1149737.0
995841.0
1364611.0
1013082.0
1242924.0
1773282.0
734893.0
1320820.0
976806.0
931263.0
1159733.0
794853.0
1256445.0
1576347.0
1525260.0
698112.0
219824.0
24048.0
877128.0
2236389.0
1858875.0
1612798.0
360198.0
53312.0
809342.0
1176411.0
1327295.0
1527291.0
1020192.0
1676764.0
1304183.0
653568.0
240964.0
1280933.0
1487668.0
1402069.0
1047060.0
1211762.0
256379.0
384.0
1370818.0
863672.0
1595160.0
1379613.0
928905.0
13920.0
1135492.0
1163234.0
1197526.0
1016526.0
958647.0
572110.0
1009980.0
1376720.0
1958151.0
1283068.0
200263.0
1287037.0
721441.0
447360.0
1325551.0
1433621.0
597184.0
899065.0
874204.0
909470.0
1652482.0
969472.0
1532905.0
1166896.0
1127564.0
827845.0
1417164.0
1367888.0
1379121.0
453463.0
619811.0
1635911.0
1414861.0
1746433.0
1217003.0
2021971.0
888478.0
36919.0
1366527.0
777816.0
1377020.0
368527.0
1029140.0
17728.0
1194125.0
1059529.0
789552.0
1534177.0
901059.0
1532149.0
944491.0
1163315.0
1532716.0
119978.0
1684106.0
337736.0
123906.0
1384971.0
796565.0
1421135.0
1193362.0
1745773.0
715334.0
945256.0
1161912.0
19864.0
1081279.0
635719.0
1310242.0
99448.0
494231.0
556597.0
1315322.0
2170274.0
1317980.0
1203523.0
1379827.0
514752.0
1278498.0
483658.0
2195900.0
1293782.0
1296434.0
980651.0
1025807.0
722612.0
568192.0
777913.0
1276016.0
555648.0
983947.0
110454.0
1252559.0
447660.0
1123013.0
4488.0
2296413.0
1234005.0
1085398.0
851322.0
1031205.0
931099.0
268055.0
21776.0
1048990.0
841470.0
1058071.0
929901.0
610692.0
1068947.0
965457.0
1553796.0
657503.0
1122111.0
1331122.0
907170.0
1483419.0
1711414.0
820028.0
1659855.0
736952.0
1179684.0
1328259.0
837263.0
494193.0
1389351.0
1313277.0
589591.0
1051785.0
941578.0
1430947.0
12584.0
1377727.0
1123280.0
824676.0
1048833.0
1379890.0
1992.0
929854.0
1167661.0
1327943.0
1075511.0
1744288.0
1161767.0
60799.0
1407202.0
2564575.0
1342600.0
938724.0
941529.0
1004407.0
1536.0
994417.0
449278.0
963060.0
1230189.0
843428.0
910278.0
630428.0
638813.0
840120.0
1414950.0
874448.0
1189725.0
1080009.0
2056491.0
753865.0
892519.0
210668.0
1266946.0
1336204.0
923499.0
1329239.0
67584.0
1988756.0
890199.0
1019128.0
48520.0
945809.0
1213364.0
997441.0
976714.0
1027004.0
1088626.0
1121185.0
1001689.0
1285249.0
1949986.0
1226081.0
98468.0
875080.0
861508.0
2734426.0
532614.0
725692.0
1337810.0
1725122.0
1686933.0
1089776.0
828813.0
1110849.0
1506964.0
1358624.0
951950.0
816902.0
1196326.0
1358009.0
310961.0
1266312.0
1118249.0
141568.0
957476.0
1102827.0
208353.0
806792.0
990182.0
1232429.0
1323942.0
1092569.0
1604150.0
846087.0
796179.0
1109143.0
1042145.0
411008.0
1081044.0
1115667.0
373533.0
1475393.0
599600.0
904251.0
566544.0
962661.0
1976557.0
849419.0
1593232.0
41320.0
1560900.0
438451.0
1384877.0
920926.0
158228.0
922415.0
751166.0
580168.0
938866.0
1228950.0
1066040.0
962126.0
1053147.0
391387.0
1330295.0
1155349.0
2084178.0
277209.0
1076182.0
901826.0
1274840.0
958731.0
1009518.0
1384388.0
1092992.0
1492740.0
1390943.0
759727.0
1130575.0
108736.0
746797.0
443856.0
1082578.0
1277559.0
580500.0
1083955.0
826725.0
1888232.0
538752.0
1058278.0
598446.0
464476.0
822829.0
1254955.0
1076896.0
1081333.0
1191317.0
1632192.0
1489058.0
128781.0
472079.0
1069443.0
1376373.0
519100.0
534536.0
137269.0
1367801.0
660925.0
351616.0
1334352.0
1547190.0
874996.0
1151696.0
818216.0
418153.0
958867.0
920927.0
929794.0
142672.0
724085.0
900041.0
1281249.0
923832.0
0.0
815014.0
1343438.0
1301152.0
984996.0
1748466.0
671038.0
1459586.0
1358179.0
491662.0
979354.0
1699546.0
1270901.0
1032114.0
1508158.0
1338426.0
944370.0
53673.0
1339145.0
965887.0
668748.0
1130830.0
1040092.0
905855.0
1555069.0
927649.0
1236741.0
1020514.0
524176.0
1893410.0
1113025.0
5688.0
126955.0
1176526.0
1370998.0
865169.0
22832.0
752756.0
1126504.0
1177210.0
1153223.0
1929043.0
1024290.0
1189780.0
60704.0
1654266.0
976689.0
1452390.0
1220639.0
1360925.0
653815.0
876302.0
889057.0
1087361.0
1697652.0
551364.0
976900.0
863275.0
295128.0
1254890.0
542051.0
1077748.0
1395022.0
1256487.0
1218241.0
950067.0
1424123.0
1459281.0
1007336.0
1722671.0
2132799.0
778691.0
1127342.0
1418303.0
136342.0
1346343.0
1624001.0
1061535.0
1421649.0
1067926.0
1068910.0
1630259.0
1135093.0
855845.0
809298.0
901032.0
805349.0
760819.0
774965.0
1033271.0
735965.0
869708.0
1113681.0
665587.0
1150717.0
2625335.0
1277939.0
679749.0
967108.0
1167989.0
998501.0
534649.0
512597.0
1401510.0
960830.0
1194497.0
668280.0
1305586.0
1413892.0
34904.0
1209813.0
166928.0
1715091.0
1263726.0
1279312.0
802002.0
35840.0
896835.0
162608.0
1255830.0
2041426.0
2081847.0
1012196.0
1083477.0
742499.0
33984.0
758726.0
911194.0
879081.0
140120.0
1070668.0
690841.0
1307566.0
1060040.0
811390.0
702440.0
1187428.0
1403291.0
1105680.0
1089478.0
101330.0
479929.0
772541.0
1816464.0
1180822.0
958671.0
1274370.0
892161.0
1795032.0
1366525.0
624762.0
189200.0
1066351.0
1987353.0
1263622.0
1120533.0
1234309.0
1387865.0
906979.0
1427446.0
67430.0
1320720.0
1291323.0
1178641.0
35752.0
637816.0
1377503.0
215963.0
956536.0
853827.0
785348.0
1516301.0
760859.0
56032.0
1195922.0
2098050.0
893171.0
22769.0
608948.0
2021597.0
709504.0
1007307.0
1101467.0
161557.0
1138727.0
1414913.0
964864.0
1122717.0
1103247.0
1054444.0
980386.0
448960.0
928775.0
1312503.0
1744781.0
659146.0
1327060.0
471825.0
653298.0
1326072.0
20817.0
948913.0
974104.0
1204918.0
1510076.0
91715.0
1297248.0
1331791.0
1610252.0
629446.0
1133968.0
1150921.0
1018525.0
1640303.0
815321.0
1785133.0
944159.0
1114848.0
114843.0
186709.0
1060079.0
1187758.0
4590.0
1265108.0
1131622.0
266688.0
826513.0
946709.0
931298.0
1006675.0
8568.0
133761.0
1335355.0
1258672.0
171562.0
1138275.0
219680.0
1992173.0
1100465.0
948163.0
1235571.0
275549.0
472264.0
1225647.0
1274193.0
1191976.0
1412743.0
1062114.0
1734149.0
621304.0
873579.0
1312072.0
942041.0
1085051.0
1642724.0
1695719.0
1232224.0
1089386.0
1027545.0
720066.0
1145409.0
1353816.0
27512.0
1369129.0
846608.0
1883678.0
971018.0
1220051.0
141071.0
409152.0
1082650.0
1030866.0
655423.0
1465323.0
994609.0
1379221.0
1687817.0
1046307.0
127261.0
898411.0
2107413.0
792025.0
1039656.0
857912.0
907575.0
932292.0
927151.0
1102123.0
748259.0
1862886.0
1217789.0
786947.0
1106272.0
1013297.0
907112.0
1207012.0
1158937.0
668096.0
1129700.0
1636006.0
1141779.0
510016.0
1503748.0
264214.0
1148042.0
593065.0
793385.0
1013899.0
872874.0
1365664.0
8208.0
1109842.0
1142790.0
1915322.0
53120.0
1896094.0
1760512.0
824537.0
1337715.0
1434440.0
260060.0
745621.0
9680.0
2004991.0
1769028.0
1259993.0
1051279.0
914164.0
1229689.0
886637.0
1020268.0
763975.0
1444726.0
967689.0
919528.0
1940309.0
425839.0
1485632.0
640160.0
1048860.0
1165473.0
2007825.0
1053290.0
1124917.0
1165939.0
1692110.0
579904.0
1410758.0
1138650.0
1008133.0
1119661.0
850939.0
790935.0
1350658.0
1026185.0
1293986.0
904458.0
114937.0
1089775.0
571559.0
1348156.0
210657.0
79615.0
335808.0
1175904.0
1917523.0
923525.0
633742.0
648198.0
1315944.0
973545.0
977944.0
1313508.0
1002999.0
946821.0
1585290.0
178117.0
1181373.0
1258301.0
1530569.0
211886.0
778218.0
202304.0
386248.0
1462999.0
849192.0
1450598.0
127448.0
165288.0
1275623.0
1536373.0
365056.0
905991.0
126464.0
761659.0
874112.0
446208.0
494319.0
1269484.0
214833.0
1734244.0
145911.0
1181047.0
93888.0
1470635.0
968590.0
1297052.0
1459079.0
703385.0
759232.0
569600.0
799931.0
1950379.0
1472084.0
1240060.0
1586788.0
1461392.0
1643363.0
897139.0
1380056.0
1773770.0
1129747.0
1492436.0
743383.0
1079169.0
1296355.0
810431.0
1353952.0
159944.0
1262917.0
1434283.0
1918185.0
997844.0
840951.0
1316071.0
1149905.0
1859060.0
1353356.0
1169635.0
1353482.0
577413.0
145408.0
869595.0
977363.0
938618.0
926291.0
640192.0
84084.0
812960.0
973241.0
1044988.0
2135514.0
218656.0
862426.0
1195856.0
274430.0
947784.0
1090970.0
1087839.0
1282061.0
1008496.0
1220359.0
1094667.0
1129229.0
891697.0
1966180.0
1347951.0
499307.0
620362.0
946403.0
1468908.0
1407452.0
1431907.0
408049.0
358780.0
1128679.0
1064082.0
1231464.0
317307.0
305338.0
2136209.0
1249897.0
713253.0
903232.0
1059386.0
138205.0
1220768.0
1228149.0
1723483.0
315584.0
151360.0
835187.0
1446596.0
1125270.0
1051803.0
998664.0
991581.0
1440945.0
58624.0
1663570.0
116796.0
137792.0
199640.0
1035714.0
1077551.0
785973.0
3060.0
1012472.0
1309043.0
955095.0
1329506.0
97676.0
716600.0
1187162.0
980115.0
2283040.0
569280.0
673712.0
44454.0
312058.0
1418131.0
1897855.0
21072.0
1089508.0
1038454.0
1105810.0
627906.0
1345321.0
1049031.0
1201336.0
328128.0
1539007.0
1334544.0
2319104.0
1203382.0
440251.0
1245461.0
1231874.0
27224.0
689578.0
905581.0
1383626.0
711054.0
808385.0
1120648.0
1109263.0
868184.0
1329091.0
385721.0
946328.0
22624.0
1035378.0
2128750.0
1310512.0
1031947.0
1218914.0
233732.0
1614107.0
1299905.0
1118578.0
396504.0
347011.0
1140691.0
1368439.0
1002851.0
1126289.0
939666.0
1061478.0
1205523.0
2022830.0
930058.0
1003265.0
1074999.0
1425226.0
1381805.0
1003949.0
661829.0
582784.0
1553604.0
1320053.0
1316060.0
317305.0
155996.0
506240.0
1319720.0
100416.0
1062797.0
1325018.0
921217.0
1045365.0
1400094.0
898749.0
1166505.0
1390816.0
372978.0
933447.0
1140502.0
806809.0
934443.0
1158443.0
584470.0
18240.0
1314021.0
1132888.0
926957.0
1226843.0
1362040.0
1220636.0
974081.0
428480.0
1133696.0
1017844.0
1274430.0
1533980.0
909158.0
683679.0
1383185.0
978385.0
559386.0
430516.0
1474880.0
1148403.0
871571.0
113120.0
23680.0
51634.0
530304.0
831061.0
869878.0
68916.0
1007854.0
1180505.0
1023998.0
857214.0
727342.0
671598.0
2184394.0
1551603.0
942420.0
1817812.0
1012162.0
9024.0
954200.0
1336281.0
1362579.0
739443.0
989558.0
5736.0
1266063.0
899042.0
968970.0
381429.0
239744.0
1411284.0
926101.0
1181910.0
1800233.0
936000.0
466048.0
1115084.0
1328884.0
1259465.0
69080.0
320599.0
1884455.0
845924.0
1093076.0
651322.0
1243022.0
1127896.0
1271167.0
1173638.0
2142.0
1721701.0
1985508.0
203699.0
664026.0
1175655.0
1401442.0
1005536.0
1295923.0
939755.0
134071.0
1222585.0
15556.0
241381.0
1066692.0
1501537.0
1034050.0
851439.0
308047.0
428352.0
469840.0
590740.0
823196.0
574122.0
149704.0
527360.0
812666.0
1035331.0
1039684.0
39360.0
789715.0
1405445.0
1283037.0
1801731.0
992344.0
1449473.0
828601.0
1183272.0
1011359.0
1246960.0
1164234.0
623290.0
1655549.0
978112.0
1473477.0
1324873.0
535394.0
953736.0
869908.0
1059233.0
1272172.0
427584.0
606176.0
287720.0
163781.0
353792.0
764884.0
1404093.0
1118442.0
1023982.0
512.0
77024.0
971195.0
1429797.0
1326491.0
1620804.0
1002123.0
655149.0
1086514.0
1017688.0
842374.0
450240.0
1048899.0
1327119.0
1590195.0
317696.0
1214112.0
1302146.0
0.0
583104.0
1483076.0
639717.0
1102544.0
1152218.0
1157945.0
604608.0
1176467.0
670528.0
983548.0
128258.0
1030497.0
1083512.0
1055498.0
557774.0
1156388.0
953303.0
1035390.0
59864.0
1481028.0
1105122.0
1389226.0
1027812.0
571311.0
1141601.0
1060816.0
1203285.0
1124097.0
1996650.0
546506.0
1491258.0
1126886.0
157896.0
1534690.0
920967.0
965291.0
1112005.0
1438700.0
933091.0
1486047.0
1220371.0
1242976.0
729539.0
127465.0
425344.0
210160.0
1230510.0
1400773.0
1375709.0
1096883.0
857935.0
1023102.0
246672.0
235865.0
1954040.0
1173005.0
801315.0
1390929.0
708160.0
263872.0
1522274.0
716775.0
1498716.0
1165904.0
1370154.0
618371.0
1249869.0
1146688.0
1317434.0
1079342.0
899746.0
433920.0
853247.0
315776.0
2684160.0
1093003.0
899387.0
149711.0
879313.0
1909017.0
1231933.0
721527.0
1174872.0
171221.0
1936468.0
1072979.0
1426570.0
1419665.0
935205.0
827718.0
32416.0
800757.0
706496.0
58304.0
1120652.0
1366549.0
1295489.0
34624.0
660136.0
862894.0
1541826.0
890145.0
267758.0
1356177.0
752781.0
1449830.0
585792.0
876192.0
731553.0
815895.0
1147825.0
1614654.0
10280.0
1355136.0
294937.0
1145452.0
1071758.0
1309019.0
1561988.0
792933.0
678072.0
936119.0
965847.0
2093396.0
1423105.0
1522980.0
1775661.0
1117649.0
850167.0
1115842.0
1076093.0
992806.0
1081725.0
1096236.0
1365038.0
1383821.0
1892902.0
622748.0
1249479.0
8256.0
1051231.0
643452.0
1319185.0
1023328.0
1034318.0
1409575.0
1053926.0
1001522.0
1488954.0
2160616.0
89992.0
1102364.0
669535.0
517042.0
1337912.0
834134.0
1000961.0
951674.0
717761.0
840510.0
19320.0
1171437.0
336576.0
482884.0
1266307.0
757199.0
879542.0
1182512.0
979909.0
940533.0
0.0
1421674.0
174914.0
1117567.0
872225.0
1200194.0
1124275.0
686479.0
243180.0
1030873.0
885278.0
748863.0
1546365.0
1318526.0
690874.0
314448.0
1045342.0
567748.0
845349.0
750423.0
60094.0
893715.0
1897837.0
824481.0
1375832.0
1148602.0
1033658.0
1158182.0
1291036.0
64512.0
983200.0
823705.0
1536704.0
1280811.0
1197218.0
425181.0
849034.0
850790.0
948920.0
573724.0
1561967.0
1166888.0
405491.0
1057061.0
1115782.0
1432970.0
553240.0
1582489.0
921393.0
1249620.0
839969.0
1010190.0
683079.0
702811.0
830484.0
1110137.0
924003.0
1133333.0
684308.0
1740227.0
980125.0
1436190.0
1702583.0
1171144.0
719982.0
1593637.0
536797.0
1287060.0
1645080.0
1349640.0
1073870.0
1329502.0
691576.0
1394174.0
336112.0
1158193.0
1086891.0
192637.0
1079756.0
862777.0
159083.0
1042976.0
1295784.0
905716.0
1734220.0
46576.0
1333292.0
1409310.0
470784.0
1001384.0
977183.0
1225547.0
1491352.0
1160381.0
179624.0
859516.0
1434773.0
1028147.0
1177261.0
797364.0
1107858.0
820270.0
4896.0
969394.0
42368.0
1677355.0
750933.0
296705.0
991048.0
1205351.0
1048333.0
980193.0
371952.0
1161506.0
756676.0
963650.0
1269164.0
1403116.0
691672.0
1603991.0
942771.0
195527.0
465088.0
979440.0
960576.0
971533.0
1097100.0
1185312.0
526319.0
1114905.0
1405313.0
936077.0
1475168.0
1093611.0
1416122.0
853973.0
34442.0
1720785.0
962065.0
1575438.0
1539445.0
1801064.0
134271.0
1063698.0
1179755.0
693653.0
321628.0
1351787.0
1231746.0
497852.0
772319.0
842949.0
829556.0
1202211.0
1273934.0
1048485.0
1004306.0
1207121.0
1163105.0
829208.0
1850364.0
1023662.0
962242.0
1432909.0
1578228.0
1744497.0
921368.0
1392227.0
803434.0
1362467.0
1272217.0
482240.0
1079473.0
837569.0
630872.0
1395010.0
139324.0
1014287.0
1164869.0
886941.0
1575082.0
1625619.0
31616.0
55189.0
1047603.0
670219.0
1004786.0
89099.0
821951.0
872606.0
1326087.0
1489326.0
777015.0
174817.0
619152.0
953651.0
486160.0
2053178.0
1036451.0
1036315.0
1407225.0
979479.0
520960.0
2341132.0
1003812.0
633741.0
976889.0
1941278.0
1105156.0
1008467.0
1167362.0
839522.0
71616.0
661327.0
1036949.0
1368141.0
1504624.0
1531322.0
1374825.0
1583272.0
7572.0
731840.0
1124621.0
18688.0
1235086.0
122708.0
1208980.0
1059808.0
253239.0
629023.0
3847.0
1452989.0
1376394.0
1034434.0
848735.0
504299.0
954916.0
892764.0
604646.0
95848.0
106136.0
882245.0
956421.0
1227529.0
958416.0
1134080.0
1171055.0
1406290.0
137320.0
182199.0
463131.0
1421263.0
1075795.0
1022505.0
1307526.0
199477.0
867835.0
1724296.0
1336810.0
433881.0
1812003.0
2217930.0
519071.0
847401.0
615651.0
1124819.0
989740.0
1328315.0
1353087.0
1127728.0
1822673.0
1591510.0
1396787.0
1176417.0
884261.0
763120.0
1268666.0
682496.0
441344.0
1327783.0
38584.0
491732.0
357684.0
1562096.0
413632.0
360448.0
1399908.0
1050892.0
167854.0
851837.0
1190827.0
1397320.0
139865.0
1122697.0
853558.0
1286189.0
797873.0
1043501.0
1034527.0
2019194.0
1061981.0
559936.0
358220.0
91012.0
881840.0
649701.0
122240.0
591951.0
1543711.0
1035234.0
972804.0
178880.0
2142719.0
1191361.0
1761156.0
1106346.0
1449483.0
324090.0
853001.0
863647.0
367952.0
1833151.0
1055029.0
865976.0
1077770.0
1414790.0
1111389.0
1094226.0
1929932.0
588300.0
2166769.0
622942.0
1102597.0
903434.0
1228601.0
56832.0
1161905.0
1090008.0
821093.0
1178374.0
574426.0
956484.0
1427293.0
1666581.0
1496042.0
1007537.0
436599.0
1145776.0
1927123.0
1191227.0
1051670.0
626287.0
687608.0
1482653.0
875628.0
326144.0
413120.0
1088701.0
406208.0
797083.0
823865.0
1214727.0
926838.0
1468846.0
807118.0
208477.0
1979044.0
860517.0
2160208.0
973981.0
970051.0
37593.0
1200716.0
88064.0
878418.0
1451545.0
152516.0
1198674.0
1391438.0
984778.0
1971262.0
1082256.0
1212551.0
965016.0
892267.0
1542755.0
1317912.0
192231.0
1269120.0
948778.0
351091.0
1289017.0
153920.0
1148202.0
1185904.0
1183787.0
1868761.0
1106671.0
863326.0
648397.0
799020.0
761078.0
964363.0
1173533.0
610391.0
25728.0
953513.0
1327970.0
787425.0
158848.0
1047700.0
579871.0
1293144.0
1080294.0
1517103.0
1241477.0
537408.0
1106418.0
1069999.0
12544.0
1578609.0
0.0
935947.0
423280.0
1337428.0
1368268.0
328290.0
1565673.0
1369053.0
561600.0
1198587.0
1150673.0
1092142.0
2010230.0
1389175.0
651849.0
813542.0
1663216.0
207955.0
1396185.0
1197469.0
893197.0
882253.0
446592.0
914197.0
558486.0
810953.0
1052966.0
942226.0
1243242.0
1861766.0
85376.0
259906.0
714625.0
1215390.0
196419.0
1403558.0
1534279.0
1426758.0
1064882.0
734264.0
907929.0
156875.0
420992.0
875458.0
215897.0
1005314.0
1872505.0
1367451.0
992260.0
878299.0
1251651.0
1478829.0
1206392.0
1320426.0
876820.0
755978.0
1359418.0
263680.0
1677603.0
1683883.0
793649.0
171734.0
1369885.0
1267566.0
360440.0
40760.0
1246579.0
598912.0
1494783.0
961707.0
1974616.0
1941383.0
39616.0
122878.0
1166184.0
1254576.0
991667.0
1258569.0
2077835.0
925808.0
878037.0
920297.0
1175866.0
555759.0
793488.0
1920066.0
937381.0
1548682.0
575178.0
352704.0
1039604.0
176526.0
1992629.0
901538.0
834774.0
349824.0
32496.0
1164815.0
737002.0
1001564.0
1165448.0
1403416.0
740953.0
5976.0
674053.0
532935.0
1296279.0
1181151.0
1467861.0
866110.0
899430.0
717103.0
1228357.0
1313424.0
1369678.0
1214012.0
1090794.0
866855.0
1996048.0
1369845.0
966251.0
1459150.0
1410860.0
820672.0
821728.0
1091569.0
1473152.0
1243450.0
1093491.0
438670.0
211042.0
1150249.0
1397488.0
0.0
1188037.0
1208094.0
1125570.0
1044432.0
790921.0
1060131.0
710360.0
563812.0
926812.0
1493565.0
1272788.0
1090108.0
1004348.0
905437.0
42304.0
143493.0
1304822.0
1168862.0
1684330.0
220060.0
1221111.0
173796.0
1265410.0
1167545.0
1215243.0
1457592.0
515968.0
1188715.0
1367094.0
1239191.0
1267750.0
863100.0
871568.0
878769.0
1208653.0
641616.0
490748.0
980659.0
816157.0
761246.0
1358868.0
1741301.0
1873058.0
1413638.0
936355.0
1020677.0
818315.0
1377022.0
390720.0
886666.0
1380477.0
1724534.0
773458.0
1326024.0
1089178.0
815311.0
1154209.0
815825.0
1065601.0
1195599.0
943226.0
1911469.0
1355898.0
903545.0
580664.0
502016.0
913708.0
1293693.0
1544000.0
2158479.0
1635693.0
1467506.0
1405724.0
1140875.0
1226948.0
682400.0
1429750.0
1006666.0
1343542.0
1325404.0
0.0
720558.0
1372887.0
1381943.0
1271915.0
969969.0
860236.0
1161445.0
209790.0
521152.0
1070512.0
2163436.0
1348592.0
405579.0
1097170.0
86967.0
723234.0
427392.0
428224.0
1134080.0
1275477.0
1022171.0
1205997.0
876371.0
2129827.0
1803008.0
1064562.0
1349309.0
866640.0
1233332.0
1402139.0
1600874.0
955899.0
838089.0
1061912.0
320512.0
1126778.0
1323694.0
54104.0
625351.0
537664.0
1085314.0
721481.0
892827.0
498368.0
1035373.0
1224864.0
996405.0
818642.0
1045283.0
265327.0
1419653.0
1592709.0
343020.0
2634184.0
1447297.0
656093.0
1408498.0
723442.0
957447.0
1377940.0
1231170.0
954967.0
1122173.0
953745.0
1176678.0
1621921.0
1047403.0
116920.0
1077224.0
1021109.0
1177077.0
1065283.0
1091537.0
1203853.0
1089208.0
1618258.0
1494296.0
29888.0
1489698.0
941767.0
982951.0
1152763.0
1188853.0
551488.0
965173.0
1337481.0
393665.0
1727725.0
1415946.0
783084.0
258723.0
1260477.0
1953733.0
1466950.0
331776.0
679188.0
981291.0
1162156.0
1579441.0
1377017.0
520450.0
1114125.0
566673.0
895324.0
1083876.0
1212315.0
52864.0
1050094.0
1128802.0
1467415.0
980497.0
1500698.0
1082118.0
924692.0
481791.0
1021571.0
509291.0
89626.0
1284678.0
1251051.0
1534373.0
225656.0
935407.0
1883640.0
731947.0
1065916.0
981536.0
1257002.0
1499425.0
853671.0
856724.0
1416716.0
131392.0
1059387.0
822684.0
995921.0
645141.0
898536.0
961120.0
183053.0
901353.0
1341396.0
421824.0
747630.0
1020080.0
1548760.0
206006.0
1366983.0
1843552.0
660858.0
635676.0
1029648.0
1136095.0
1272623.0
2014959.0
1903714.0
1041139.0
935750.0
893461.0
1892228.0
641921.0
799528.0
1469046.0
995902.0
783572.0
934224.0
2124706.0
980168.0
1473556.0
1994962.0
1010657.0
1020482.0
418032.0
1246375.0
158648.0
1118316.0
1026989.0
314880.0
1272787.0
33992.0
1116705.0
1063589.0
750064.0
306496.0
125320.0
1588838.0
866162.0
1104703.0
631146.0
871442.0
1121816.0
1542848.0
874735.0
188059.0
893060.0
1224232.0
1504774.0
358623.0
1523726.0
1050385.0
9670.0
164719.0
3672.0
1067192.0
1604415.0
1321381.0
1308210.0
1274131.0
547338.0
1656574.0
1057425.0
1956340.0
1172556.0
1253806.0
2200387.0
357920.0
853842.0
1399933.0
885929.0
1636449.0
911025.0
1354300.0
888893.0
1212937.0
1383111.0
857980.0
406336.0
1111533.0
867132.0
962594.0
1305716.0
967130.0
303136.0
677376.0
187758.0
1347489.0
1206250.0
1035205.0
1204961.0
1478501.0
1971768.0
327113.0
1202951.0
7692.0
777934.0
1254100.0
490140.0
1252871.0
1280924.0
1328366.0
649128.0
2168029.0
862248.0
1132187.0
1354921.0
1801291.0
1505373.0
853014.0
1529495.0
977607.0
1049714.0
991976.0
978585.0
1310351.0
968184.0
726713.0
1415017.0
19776.0
433409.0
883586.0
2125171.0
1390955.0
41682.0
1465374.0
933510.0
80395.0
1119057.0
1374807.0
174446.0
119848.0
1168949.0
2159068.0
747255.0
1240414.0
1424238.0
1056950.0
1474701.0
1013389.0
1174350.0
1256462.0
947730.0
1427971.0
1316702.0
18280.0
1248943.0
1418245.0
1750384.0
1323008.0
689515.0
858085.0
509567.0
914405.0
1252684.0
315417.0
1528029.0
84238.0
931405.0
727298.0
1522382.0
1273563.0
1372936.0
164460.0
83776.0
1029731.0
1110091.0
1192984.0
1158427.0
808882.0
1005350.0
2184432.0
1054592.0
714671.0
804584.0
1438752.0
850889.0
840520.0
1060162.0
1292567.0
1037452.0
500705.0
1323837.0
1290571.0
1116604.0
1887884.0
1238129.0
1016987.0
1046627.0
1438081.0
532480.0
905589.0
2091488.0
20164.0
1271748.0
1484814.0
504002.0
1653962.0
1429461.0
100576.0
146208.0
1112092.0
1043973.0
922266.0
1238788.0
526626.0
993613.0
1394631.0
133768.0
1140173.0
1354419.0
1143214.0
856382.0
992580.0
408288.0
1469803.0
410221.0
1221627.0
920277.0
586523.0
355520.0
1215999.0
3828.0
518654.0
879299.0
3456.0
1527205.0
475136.0
1450291.0
214296.0
1198464.0
1170244.0
1488927.0
1245750.0
1299734.0
1065330.0
1678441.0
1217031.0
983955.0
1103854.0
546240.0
1059419.0
983044.0
1232046.0
687305.0
96698.0
1274484.0
625710.0
2104962.0
553881.0
1154018.0
1023326.0
1411596.0
1972713.0
373505.0
159750.0
1321619.0
1017559.0
1627786.0
1216004.0
940167.0
710621.0
1452671.0
1289318.0
1028359.0
1375665.0
339392.0
1417606.0
729314.0
739568.0
1582531.0
988661.0
614547.0
985109.0
1259487.0
1891616.0
1188699.0
1217994.0
708840.0
884638.0
1267983.0
1161190.0
1365965.0
1556261.0
1577839.0
901751.0
1539914.0
1347172.0
1267607.0
1010144.0
1114152.0
184680.0
1264458.0
1332424.0
742710.0
755013.0
441027.0
1055359.0
1102452.0
1179756.0
1242355.0
415680.0
910288.0
1339442.0
884355.0
726550.0
468224.0
1429514.0
1484109.0
1282505.0
40832.0
1555440.0
1034594.0
1288679.0
1240541.0
2132341.0
1551804.0
1176492.0
542933.0
1069739.0
938038.0
97199.0
1020295.0
132662.0
1232489.0
37760.0
1026702.0
1480098.0
1051821.0
1545009.0
1362573.0
944706.0
1044245.0
1387726.0
882819.0
921976.0
142517.0
480128.0
1523870.0
964681.0
889068.0
1034304.0
1305082.0
227440.0
671032.0
415414.0
851711.0
1777406.0
490560.0
1363945.0
622826.0
166592.0
1028947.0
78880.0
1113123.0
3060.0
1244487.0
904014.0
1449305.0
1019931.0
587745.0
1267481.0
1340398.0
822803.0
1231774.0
746104.0
0.0
650524.0
1599961.0
2058624.0
1675787.0
1075158.0
1582813.0
944354.0
1067711.0
182063.0
1120360.0
1017405.0
1354373.0
1286968.0
1120977.0
284920.0
1274178.0
61768.0
891779.0
106316.0
629696.0
1745152.0
1391184.0
1113041.0
1495513.0
345976.0
1869613.0
1182517.0
1945044.0
637519.0
608538.0
808301.0
1645590.0
1180903.0
1236316.0
885675.0
1051276.0
1023592.0
1504703.0
1392525.0
1601039.0
1094772.0
1323388.0
1364913.0
1068398.0
1854312.0
804410.0
1771855.0
270864.0
346413.0
94016.0
1099331.0
1592224.0
289898.0
496704.0
597959.0
798070.0
760450.0
739789.0
1068795.0
1327379.0
653928.0
1082230.0
1031907.0
742386.0
715864.0
1077765.0
549312.0
2093841.0
872301.0
572740.0
81298.0
342114.0
0.0
2090765.0
1281021.0
862898.0
1048386.0
986179.0
1238383.0
941214.0
1263258.0
913323.0
1259865.0
762836.0
1388628.0
939872.0
1289169.0
362992.0
1782977.0
95349.0
1042677.0
1431877.0
814937.0
1104159.0
1148763.0
873232.0
955132.0
808049.0
1263506.0
1118791.0
902520.0
1283132.0
1118195.0
1406062.0
843868.0
1021987.0
1112500.0
1330337.0
632690.0
600640.0
2167999.0
1112002.0
979188.0
1189392.0
1223690.0
923200.0
914629.0
769307.0
3630.0
1347345.0
181272.0
1517514.0
133112.0
1195517.0
947411.0
100240.0
2136215.0
1296972.0
1150691.0
1617022.0
1258571.0
942428.0
1129940.0
809961.0
345573.0
867739.0
887976.0
1004216.0
1344938.0
1055079.0
944264.0
511040.0
559890.0
1094211.0
881170.0
1315469.0
1157251.0
1335904.0
116816.0
1007269.0
1305010.0
1222346.0
1018813.0
1469962.0
623744.0
849765.0
44127.0
1178557.0
1161982.0
1057532.0
1141476.0
1223149.0
1335824.0
216890.0
581661.0
138967.0
71616.0
813801.0
883581.0
757776.0
941465.0
587149.0
888784.0
1208536.0
741359.0
1262525.0
687556.0
22312.0
974211.0
579217.0
1141869.0
670263.0
1306243.0
996523.0
1418588.0
813378.0
553024.0
1304906.0
847164.0
1310515.0
1662253.0
894348.0
209798.0
905448.0
153808.0
1043827.0
248284.0
2671978.0
9216.0
1010033.0
4352.0
2052391.0
779182.0
1438674.0
593269.0
1446705.0
1434760.0
914582.0
1199312.0
267908.0
36776.0
1243912.0
59712.0
1672495.0
512800.0
1094041.0
505277.0
2094203.0
807126.0
178430.0
844768.0
259024.0
912613.0
482496.0
1244646.0
1103361.0
1470039.0
1226257.0
1426726.0
1418982.0
1379181.0
1070335.0
1130361.0
969946.0
1419857.0
1099496.0
1270328.0
87424.0
1154471.0
1039785.0
799118.0
715561.0
1142314.0
1598115.0
1055099.0
1448148.0
1129239.0
903699.0
1865661.0
1621101.0
913168.0
1142003.0
824440.0
621152.0
1337812.0
295704.0
1287636.0
106752.0
899930.0
830859.0
866266.0
1888072.0
1143234.0
593562.0
1616899.0
1163598.0
606912.0
935935.0
800372.0
678099.0
1014303.0
889100.0
1364534.0
563904.0
41864.0
1371361.0
292464.0
1590259.0
1033497.0
1134765.0
1121633.0
1476463.0
139951.0
918501.0
413795.0
893060.0
49120.0
1192808.0
1305498.0
2027567.0
921867.0
1162699.0
151424.0
680032.0
1399611.0
1402554.0
365949.0
295312.0
754565.0
1127236.0
1083291.0
1065493.0
860895.0
1224957.0
1424105.0
1552647.0
300736.0
1385435.0
1567810.0
1261339.0
2022557.0
907572.0
1282019.0
1433080.0
1232199.0
725949.0
1374052.0
427497.0
1384183.0
4640.0
987183.0
1229572.0
131470.0
1495895.0
1154845.0
78208.0
1109471.0
1682669.0
979954.0
848001.0
1025321.0
1333591.0
1100993.0
688325.0
1035185.0
1035358.0
1063549.0
2241626.0
66836.0
1398158.0
56942.0
661602.0
2178555.0
1221283.0
985029.0
431936.0
729086.0
117776.0
1093241.0
1054073.0
1429343.0
1335387.0
1394750.0
1309978.0
357286.0
1042232.0
746520.0
1223751.0
1228365.0
879872.0
1186667.0
656106.0
127424.0
1788443.0
1125399.0
1047139.0
803911.0
244130.0
1358752.0
1016976.0
993165.0
609411.0
1328645.0
1322201.0
1200148.0
710512.0
82712.0
682953.0
965355.0
1358379.0
947112.0
816807.0
1291145.0
679850.0
947817.0
1066891.0
2098614.0
1025516.0
1008099.0
314340.0
1354044.0
1315053.0
305567.0
1620666.0
1309169.0
123392.0
1392097.0
1331842.0
1194496.0
1217155.0
70894.0
1253308.0
1048363.0
517284.0
79496.0
1313280.0
1255251.0
1086810.0
1336714.0
1053837.0
987874.0
207935.0
1423305.0
846563.0
1102615.0
1089185.0
1192940.0
897723.0
1814264.0
1660267.0
1362207.0
1794096.0
909013.0
733272.0
32324.0
1270666.0
1241093.0
980679.0
1020482.0
799758.0
1069638.0
977829.0
881689.0
1193269.0
636923.0
1310549.0
1370880.0
1118828.0
1998133.0
782086.0
201736.0
612425.0
1092881.0
1789356.0
994839.0
1174827.0
1169974.0
1142078.0
1072590.0
824607.0
1029800.0
1786976.0
463104.0
1741574.0
1567163.0
1481100.0
1074558.0
63808.0
881583.0
906033.0
959243.0
887611.0
202861.0
1215160.0
181137.0
1476487.0
1109109.0
1111200.0
864648.0
1033651.0
1105069.0
1269755.0
1755863.0
141706.0
2138997.0
387123.0
107774.0
1274264.0
590720.0
1203897.0
722746.0
1339355.0
2146977.0
1244381.0
803094.0
1148524.0
1098001.0
1237657.0
1367556.0
687524.0
898263.0
1042887.0
1060330.0
197837.0
831563.0
1668709.0
1291723.0
463590.0
816634.0
948602.0
974724.0
1331150.0
114590.0
1182772.0
86984.0
1380351.0
132864.0
741145.0
65816.0
1171737.0
1728.0
1164986.0
998660.0
0.0
155584.0
1236941.0
1681405.0
1142226.0
1198686.0
1822492.0
898044.0
1104887.0
1284750.0
980706.0
1300686.0
1563369.0
1328076.0
598197.0
1353442.0
486528.0
1079693.0
651592.0
1212961.0
781461.0
1332967.0
1081368.0
1009597.0
1065224.0
1839374.0
1532318.0
1926062.0
1414681.0
1478868.0
254616.0
949747.0
750839.0
1065922.0
1089301.0
56968.0
1239299.0
981388.0
889404.0
1515194.0
1348030.0
983625.0
881487.0
1332953.0
1091766.0
427502.0
1236459.0
910563.0
1248123.0
571377.0
1326458.0
1152533.0
257328.0
1555881.0
1051803.0
1426278.0
797697.0
168308.0
1041923.0
1255835.0
1442073.0
1458342.0
1531477.0
1198455.0
5358.0
153330.0
577856.0
99703.0
949446.0
1035317.0
1107481.0
1535494.0
1394024.0
1146011.0
1325889.0
1083970.0
1355786.0
13440.0
535232.0
1567027.0
1696694.0
544392.0
207794.0
649861.0
1258173.0
933846.0
972267.0
227905.0
420992.0
711621.0
652091.0
1301598.0
752630.0
217256.0
193504.0
817044.0
1024329.0
2205856.0
790482.0
469248.0
229659.0
1095838.0
1320536.0
1687380.0
795698.0
1241991.0
922814.0
1051195.0
569498.0
1475390.0
810048.0
159832.0
686838.0
1029943.0
51687.0
404144.0
729662.0
1200792.0
1660326.0
1640667.0
43096.0
651552.0
1716052.0
1245077.0
1376263.0
1790334.0
902630.0
1026379.0
656459.0
1134366.0
1370405.0
593920.0
713231.0
55592.0
986230.0
744699.0
1034903.0
744728.0
770187.0
633309.0
1024208.0
2259049.0
297327.0
1768937.0
613120.0
964127.0
741264.0
815856.0
1477682.0
481480.0
1393949.0
304148.0
1234376.0
1344510.0
1101383.0
1459150.0
1250105.0
1825305.0
1171695.0
704698.0
990334.0
1394979.0
1285269.0
567790.0
1102270.0
167306.0
449875.0
26784.0
814364.0
1146921.0
96564.0
1473384.0
383961.0
175048.0
143309.0
881596.0
1266820.0
298304.0
856242.0
480064.0
662078.0
951255.0
1100662.0
1218154.0
188143.0
1024064.0
1375851.0
909425.0
1515081.0
1383463.0
1011053.0
204426.0
282240.0
999237.0
1541544.0
1469957.0
1376293.0
1362673.0
1103812.0
860719.0
71072.0
567872.0
581133.0
990964.0
1516986.0
977226.0
476057.0
470843.0
633423.0
856493.0
920820.0
34240.0
505280.0
965426.0
1056615.0
505792.0
581632.0
977424.0
1565985.0
869837.0
995763.0
139703.0
422464.0
1502835.0
1189636.0
311634.0
140763.0
1096801.0
737536.0
911796.0
140416.0
1031617.0
1365405.0
1457017.0
932000.0
1292113.0
1562463.0
472128.0
220803.0
1333284.0
1125583.0
612131.0
704515.0
761126.0
632354.0
94634.0
974661.0
987601.0
439802.0
958998.0
735055.0
541880.0
1125737.0
912581.0
148485.0
353288.0
50808.0
1369554.0
959689.0
929430.0
849064.0
57736.0
1109225.0
32592.0
1556183.0
956400.0
1481158.0
1274311.0
1466618.0
692358.0
907432.0
919621.0
795628.0
1023451.0
506880.0
882429.0
405888.0
165142.0
2050728.0
1468654.0
977853.0
1413973.0
1433411.0
1246177.0
1690949.0
1274301.0
845415.0
1339177.0
202840.0
1491322.0
687982.0
1673608.0
938872.0
611786.0
921818.0
843237.0
670773.0
723987.0
1779570.0
1270364.0
1132399.0
436056.0
1286256.0
1523943.0
1008870.0
848848.0
1574766.0
1167231.0
1079709.0
59612.0
160315.0
1495908.0
64576.0
117541.0
1134152.0
1137631.0
1138092.0
971795.0
1358631.0
1149903.0
1060356.0
862542.0
903448.0
990068.0
790510.0
774639.0
1388892.0
1368309.0
1218643.0
699037.0
2028311.0
756981.0
1009678.0
862839.0
803186.0
1070367.0
57952.0
1023201.0
272275.0
107091.0
2046925.0
1223398.0
1152250.0
552370.0
759167.0
1545856.0
650398.0
1202476.0
1247984.0
991154.0
1056028.0
940253.0
1278426.0
117930.0
55816.0
1284583.0
463722.0
1163805.0
1300956.0
531136.0
1017915.0
782439.0
145054.0
66592.0
715542.0
1172124.0
1187565.0
97400.0
1368730.0
2488838.0
1081732.0
1742969.0
1217895.0
817469.0
885156.0
1121365.0
273280.0
1323244.0
1302341.0
1634882.0
431680.0
511424.0
750780.0
996939.0
854334.0
975840.0
998490.0
1472102.0
1422644.0
1359420.0
947828.0
734320.0
120747.0
999329.0
429325.0
1384633.0
126973.0
856639.0
213964.0
1565906.0
989225.0
1395857.0
1452077.0
938859.0
557715.0
1087650.0
967962.0
993696.0
1061351.0
1014469.0
2144765.0
1365654.0
1047653.0
892725.0
931141.0
1230845.0
927411.0
1142161.0
85376.0
8128.0
1013402.0
959707.0
1191070.0
1246679.0
1103774.0
85504.0
744319.0
955130.0
1475561.0
1094133.0
1841500.0
748226.0
472320.0
657334.0
788305.0
1107691.0
1074628.0
1548140.0
1343521.0
425472.0
1359743.0
1334499.0
651264.0
1406048.0
1877971.0
961332.0
523008.0
48528.0
896424.0
50041.0
567680.0
0.0
149960.0
846049.0
1421202.0
971449.0
1120247.0
964447.0
646016.0
791901.0
671252.0
1537847.0
1218456.0
563072.0
11520.0
899152.0
1179427.0
1446801.0
63360.0
775274.0
1652211.0
1312690.0
1133008.0
998611.0
1038402.0
1168772.0
1165125.0
700078.0
1392931.0
983076.0
55920.0
567940.0
1147724.0
699648.0
689480.0
1184068.0
1575261.0
809135.0
0.0
47032.0
1205158.0
841233.0
947421.0
1467994.0
902540.0
1115561.0
512836.0
1290761.0
1460002.0
1470455.0
1299414.0
1348707.0
1266725.0
645315.0
1203519.0
1011112.0
1087912.0
420146.0
1055480.0
854312.0
1141710.0
450826.0
1015524.0
1126590.0
162088.0
1617995.0
1270748.0
2574806.0
1038252.0
1175441.0
1239739.0
564160.0
768596.0
711588.0
2231346.0
1405209.0
774241.0
84744.0
383549.0
2306479.0
699671.0
727102.0
888053.0
898016.0
866201.0
1079701.0
1078997.0
1996280.0
1625636.0
1040041.0
1487278.0
795400.0
17344.0
1186290.0
779561.0
49979.0
705248.0
2456063.0
928865.0
216991.0
218005.0
717688.0
1571617.0
200990.0
1830281.0
1016078.0
1182667.0
1921067.0
1368319.0
1213783.0
152619.0
1355787.0
1306084.0
1360786.0
849286.0
982341.0
987672.0
626569.0
1076691.0
722952.0
1022341.0
1003520.0
147040.0
1172714.0
1100524.0
1349065.0
1046968.0
939182.0
1086399.0
1638455.0
23325.0
1578563.0
985430.0
1273873.0
971566.0
632344.0
359808.0
867557.0
1060114.0
1716969.0
348998.0
961654.0
0.0
834479.0
409216.0
1173227.0
549696.0
1468900.0
1053964.0
1316925.0
1345373.0
1287213.0
965325.0
1077629.0
1104937.0
1063912.0
610608.0
626919.0
1095130.0
348549.0
956194.0
1761257.0
1257417.0
987150.0
982590.0
320064.0
1344103.0
2143306.0
47885.0
960486.0
1935830.0
1448702.0
963981.0
1483357.0
880688.0
537664.0
92182.0
1648584.0
1480212.0
660830.0
775859.0
35560.0
658765.0
188517.0
961703.0
682896.0
1210941.0
234560.0
853007.0
1347381.0
751808.0
269184.0
1134727.0
278584.0
1089679.0
2119353.0
1147516.0
1116057.0
1341460.0
1093745.0
1164699.0
1345928.0
1498935.0
203711.0
2881818.0
1296065.0
785618.0
1322121.0
1068481.0
508102.0
360448.0
1023165.0
800393.0
1979222.0
1264616.0
1191115.0
1134040.0
1067588.0
1009108.0
817558.0
732666.0
744938.0
1270964.0
20911.0
1451336.0
936112.0
475549.0
485969.0
43781.0
337536.0
1162701.0
711013.0
621643.0
1203515.0
875036.0
1881305.0
992833.0
968.0
166215.0
764646.0
108670.0
1288833.0
742304.0
1113434.0
1412102.0
996094.0
178160.0
1900662.0
1422645.0
1056909.0
1325229.0
796244.0
1248035.0
1173219.0
3672.0
908120.0
23096.0
948298.0
697157.0
1140554.0
902596.0
115608.0
95512.0
1154927.0
445696.0
898365.0
1217168.0
776334.0
1121089.0
1831980.0
470483.0
553204.0
1800300.0
1335896.0
1420243.0
1657201.0
1555458.0
767205.0
1356791.0
808878.0
121962.0
1182176.0
1034429.0
1527896.0
927716.0
1049274.0
1292865.0
1282244.0
1635024.0
1288721.0
1738848.0
1195506.0
1418984.0
1275376.0
1688834.0
882724.0
702645.0
2003302.0
1334413.0
996521.0
544490.0
543872.0
1432945.0
488650.0
1738231.0
970370.0
1941327.0
241975.0
54552.0
1553907.0
1354198.0
1154907.0
392696.0
434154.0
757980.0
391866.0
1134599.0
881838.0
331200.0
949058.0
2465047.0
1009237.0
605818.0
559040.0
1375580.0
128384.0
793904.0
1461964.0
1744122.0
1484704.0
463360.0
196707.0
1371411.0
774905.0
1087044.0
969341.0
871795.0
721718.0
517632.0
811694.0
1558096.0
1245323.0
689728.0
767319.0
1077509.0
1640936.0
899833.0
688493.0
1014906.0
1120548.0
1373567.0
29472.0
1686597.0
1070475.0
1156605.0
1252458.0
899000.0
1082766.0
1848645.0
634503.0
1259183.0
1138089.0
193272.0
0.0
995902.0
232629.0
1185835.0
995037.0
179968.0
207737.0
789210.0
958950.0
317592.0
1338672.0
1046345.0
1004451.0
1213300.0
1237625.0
914619.0
1169786.0
1237145.0
951666.0
1929187.0
1005143.0
1089861.0
1753155.0
1125248.0
71804.0
1857195.0
114104.0
75805.0
1180564.0
1070293.0
267387.0
1224847.0
1160552.0
533904.0
736593.0
1061393.0
1005521.0
1034804.0
1338050.0
36008.0
1316758.0
774640.0
1112188.0
1100519.0
1104361.0
1162936.0
1282687.0
1030399.0
1521139.0
161528.0
857922.0
1402287.0
1119326.0
1019223.0
840296.0
1383913.0
129056.0
1167358.0
980444.0
883496.0
1120871.0
839997.0
522496.0
1311274.0
1177404.0
789034.0
839095.0
1434808.0
30184.0
95968.0
329857.0
676374.0
1312864.0
1179912.0
641892.0
1326127.0
1119522.0
505600.0
1358739.0
886226.0
1372131.0
1822932.0
945406.0
231509.0
1022003.0
1438431.0
1450557.0
1148669.0
974692.0
1130808.0
876740.0
858946.0
736617.0
1177114.0
1168074.0
1373479.0
584960.0
447968.0
1917196.0
942383.0
621732.0
1181054.0
1164638.0
1080689.0
53588.0
963823.0
1168701.0
814673.0
919056.0
1342538.0
1266874.0
1021586.0
728031.0
846861.0
913641.0
1069055.0
786895.0
867994.0
910920.0
926647.0
1221099.0
1024.0
1010869.0
927825.0
572922.0
1027564.0
1354283.0
705153.0
1421588.0
935350.0
1270302.0
1304086.0
960044.0
927983.0
2304.0
740134.0
200128.0
814018.0
242007.0
1769193.0
1540199.0
1313424.0
8646.0
600658.0
1072386.0
1508056.0
1215935.0
705704.0
1343328.0
810916.0
2092027.0
887107.0
786736.0
1443662.0
1092430.0
1741468.0
1219001.0
329980.0
1069422.0
2094808.0
141758.0
290328.0
1133917.0
1307764.0
990723.0
1093968.0
1034564.0
2221352.0
1243051.0
993521.0
1451699.0
838674.0
686068.0
229102.0
1290378.0
946399.0
549118.0
950768.0
829794.0
1060278.0
2103203.0
1252840.0
1342383.0
159736.0
1672968.0
897883.0
891724.0
80704.0
1160212.0
1939122.0
1465514.0
735964.0
1328356.0
1321055.0
1114265.0
1077846.0
1103975.0
1374365.0
212736.0
886009.0
1251829.0
887501.0
1308547.0
35496.0
1263299.0
1439952.0
830990.0
1803229.0
930983.0
960123.0
1313732.0
925537.0
485376.0
239089.0
334643.0
68512.0
391690.0
457216.0
506151.0
156553.0
1055701.0
1213204.0
620544.0
247612.0
1080099.0
1663654.0
1062019.0
806610.0
1054406.0
1581315.0
995194.0
845880.0
262139.0
41272.0
798594.0
447552.0
1033282.0
1061807.0
1219949.0
1085327.0
617867.0
1168970.0
812768.0
1066295.0
109174.0
1337348.0
608422.0
1134847.0
333968.0
882138.0
1037061.0
190410.0
1082847.0
854446.0
895898.0
1409416.0
932413.0
84528.0
1807957.0
1673538.0
839011.0
1105557.0
1083062.0
1043039.0
1142341.0
1076731.0
831369.0
749028.0
1189777.0
649302.0
1009128.0
856470.0
813499.0
755708.0
484800.0
436224.0
1330156.0
1332550.0
728178.0
282840.0
1355662.0
536960.0
1448754.0
1495669.0
48248.0
1247425.0
1018568.0
1489586.0
1264187.0
1131354.0
1566167.0
699731.0
451968.0
1637321.0
1913769.0
222816.0
1375963.0
995941.0
1217091.0
1395292.0
917859.0
1005722.0
1689172.0
1379447.0
981481.0
806738.0
1436626.0
401727.0
969876.0
1331916.0
1038764.0
1057612.0
1364997.0
268096.0
15872.0
1642745.0
1529280.0
39123.0
64812.0
1670944.0
1683470.0
1369166.0
371137.0
798735.0
536703.0
573760.0
2191034.0
160760.0
1808996.0
127939.0
1041284.0
1240215.0
940689.0
1120771.0
130706.0
874927.0
1219622.0
1194311.0
844883.0
973272.0
1318120.0
914879.0
661096.0
607426.0
855656.0
1414252.0
1265470.0
900145.0
1247936.0
1306455.0
1000639.0
1364150.0
880676.0
40944.0
1055790.0
793152.0
640073.0
154472.0
863152.0
112208.0
879329.0
578624.0
979260.0
1587018.0
1076930.0
1635960.0
764835.0
948697.0
937649.0
793359.0
667599.0
68112.0
285048.0
1144463.0
991555.0
45104.0
1100410.0
1204083.0
2028604.0
1240095.0
1732750.0
1141159.0
95608.0
892866.0
935454.0
1389187.0
1135013.0
941116.0
1167090.0
325875.0
1558970.0
314134.0
1115905.0
1110369.0
1252015.0
1261180.0
797834.0
1058238.0
1008414.0
578688.0
1441320.0
926276.0
1252162.0
723589.0
1121189.0
898049.0
905863.0
596224.0
803520.0
922863.0
1800210.0
679796.0
724393.0
1776315.0
58944.0
401071.0
540928.0
2060135.0
1176464.0
990050.0
2173536.0
1372995.0
1474680.0
1405788.0
1395201.0
923550.0
1111860.0
1083638.0
1002989.0
1640915.0
1512466.0
720773.0
1118918.0
1591867.0
614784.0
572416.0
1504501.0
1429932.0
1093584.0
44832.0
1071555.0
999675.0
1352725.0
761121.0
1704507.0
799279.0
176768.0
1772691.0
1319095.0
683469.0
1043677.0
859545.0
1003264.0
1165142.0
1802947.0
1056442.0
1451242.0
1151449.0
1108137.0
1160420.0
767160.0
1127857.0
206291.0
1301033.0
1220798.0
2617168.0
567484.0
1197316.0
978683.0
1378608.0
887566.0
897256.0
889795.0
1337271.0
1541972.0
224131.0
1107898.0
896973.0
661651.0
33984.0
1203838.0
1244761.0
785983.0
1111260.0
1027974.0
2649505.0
664360.0
2022819.0
984026.0
1232509.0
815104.0
182625.0
1300344.0
1302410.0
842839.0
849020.0
178610.0
55896.0
151384.0
1183248.0
1086550.0
1005640.0
681344.0
1295934.0
715929.0
203186.0
1413984.0
557504.0
854448.0
109992.0
1005899.0
12636.0
1176253.0
178982.0
822376.0
1287919.0
189075.0
1125651.0
1694723.0
19584.0
1631369.0
1184040.0
1294219.0
1353382.0
1114204.0
223561.0
966523.0
1266572.0
735047.0
1063861.0
794209.0
411974.0
110947.0
370421.0
0.0
817834.0
24512.0
535424.0
1488408.0
1197352.0
1384106.0
466953.0
911482.0
941216.0
1630913.0
67629.0
105537.0
1441451.0
1973196.0
1439467.0
135401.0
35592.0
1322196.0
1048238.0
0.0
882852.0
606453.0
1130952.0
151949.0
1789816.0
1260714.0
1172695.0
1112132.0
544526.0
595664.0
1008678.0
1233173.0
520384.0
756096.0
596078.0
574231.0
896705.0
436672.0
179136.0
1148666.0
1129636.0
971094.0
816976.0
1173148.0
986867.0
1479673.0
771444.0
963446.0
995713.0
1092194.0
170925.0
936254.0
1716789.0
1177843.0
1064835.0
935200.0
968311.0
104384.0
908572.0
1086247.0
1385919.0
1219209.0
1353931.0
1024884.0
723496.0
394490.0
1216272.0
701579.0
518976.0
1304468.0
372540.0
1164317.0
1384381.0
1268036.0
1088728.0
746549.0
1292467.0
1253584.0
200509.0
848135.0
986289.0
1438397.0
1632969.0
1035569.0
1157788.0
321792.0
696679.0
603671.0
682881.0
1222587.0
1396299.0
955587.0
669481.0
244637.0
1501951.0
1158401.0
194668.0
677959.0
170520.0
951133.0
1119668.0
435996.0
659468.0
231265.0
1065495.0
1287178.0
1094098.0
981724.0
1260862.0
1050358.0
1570070.0
946767.0
925010.0
1280421.0
934806.0
96640.0
1763350.0
3984.0
191768.0
1226420.0
97565.0
842863.0
619061.0
2136783.0
647906.0
786498.0
1361989.0
131648.0
866364.0
943335.0
990587.0
1119809.0
832299.0
1892236.0
634083.0
573205.0
954651.0
948816.0
901992.0
1082427.0
985204.0
861734.0
902791.0
708011.0
1877645.0
149579.0
1396645.0
139400.0
1241762.0
1242630.0
434968.0
818113.0
1495927.0
741802.0
1047745.0
174700.0
1027513.0
951725.0
447420.0
919375.0
1443124.0
264816.0
1841446.0
43656.0
1392968.0
1534865.0
656044.0
1469721.0
889242.0
1974087.0
15616.0
978693.0
1444824.0
849336.0
1407667.0
600099.0
312896.0
1270372.0
1472953.0
73024.0
878000.0
446832.0
629535.0
75448.0
1378240.0
1021994.0
1206138.0
978010.0
1928148.0
763113.0
1353215.0
813006.0
1312267.0
1437743.0
685570.0
1330980.0
682870.0
1408339.0
1199587.0
2356298.0
1179009.0
1306666.0
137668.0
856128.0
423175.0
629504.0
871115.0
20432.0
1415137.0
0.0
745994.0
1135276.0
1323031.0
1445252.0
960676.0
811957.0
1292652.0
104387.0
1878459.0
1866588.0
1001911.0
1151218.0
560384.0
131200.0
972636.0
1368607.0
989807.0
1639291.0
1123040.0
1235886.0
1051337.0
312373.0
623804.0
1085370.0
13088.0
1321602.0
1398664.0
51318.0
662013.0
431359.0
928221.0
1321790.0
1081640.0
339130.0
1213964.0
514922.0
1058111.0
883842.0
1502665.0
778005.0
1436459.0
915506.0
2254547.0
1044686.0
1277929.0
1599478.0
1203756.0
1089660.0
1379914.0
1358422.0
994683.0
1315205.0
299678.0
1257693.0
55885.0
1921554.0
64704.0
1866583.0
1371181.0
489480.0
689562.0
1122876.0
1793371.0
1221866.0
1093028.0
1145119.0
2904.0
1177747.0
547392.0
1181613.0
153858.0
1795376.0
913529.0
1271761.0
616247.0
504904.0
856745.0
1680053.0
906333.0
864173.0
346722.0
1698748.0
1073501.0
1256324.0
1433299.0
384.0
1385145.0
948882.0
1010721.0
798819.0
265670.0
196048.0
828253.0
1279998.0
444908.0
824116.0
1507650.0
589267.0
794262.0
1077736.0
1117654.0
1277798.0
202972.0
282553.0
1068255.0
1913439.0
1456027.0
1396801.0
863168.0
571212.0
1525281.0
2139663.0
1110563.0
1256074.0
92688.0
12928.0
1228606.0
2185494.0
1488941.0
1042508.0
1872710.0
1604200.0
1239866.0
763123.0
699596.0
1097982.0
1326824.0
1157909.0
813584.0
955427.0
624296.0
993334.0
1301210.0
757657.0
1171535.0
1153987.0
1096388.0
1595679.0
2057134.0
135529.0
1353306.0
614937.0
26664.0
1105144.0
1418073.0
1083013.0
994927.0
972956.0
132832.0
1196540.0
60096.0
1694626.0
1686225.0
974509.0
1340202.0
1453195.0
421997.0
1245221.0
1005857.0
919538.0
726660.0
1387808.0
1434998.0
236512.0
1106258.0
873213.0
1302918.0
74432.0
1037733.0
842558.0
39104.0
2100941.0
1942194.0
1875794.0
634037.0
1132784.0
68378.0
1228854.0
1357161.0
1468016.0
2044107.0
854336.0
359565.0
975955.0
1164093.0
114515.0
734468.0
1337851.0
595904.0
1314609.0
1254963.0
697447.0
90592.0
1177458.0
520584.0
1937378.0
2040678.0
1705867.0
651512.0
97519.0
1269818.0
977057.0
2044545.0
1044172.0
1033561.0
1497267.0
763756.0
1202482.0
1391753.0
863709.0
1250070.0
1040075.0
1661962.0
783273.0
2400.0
994505.0
1298710.0
1055470.0
1246384.0
741281.0
1146581.0
491512.0
2089238.0
1574134.0
1092893.0
46208.0
45672.0
1473803.0
527168.0
1047526.0
678801.0
825986.0
694703.0
590400.0
226653.0
919007.0
1059264.0
1197121.0
1755419.0
1264284.0
658560.0
1419814.0
815128.0
1099369.0
1240606.0
797592.0
300971.0
968711.0
836590.0
1058364.0
1069723.0
1394275.0
428992.0
1429663.0
925014.0
976032.0
1317073.0
123440.0
358023.0
745888.0
378182.0
968843.0
895103.0
891325.0
961925.0
1404935.0
775373.0
1441685.0
1400802.0
1027723.0
845542.0
1310223.0
1203341.0
1103459.0
1274714.0
1144013.0
1127209.0
162609.0
2444993.0
1667933.0
1121707.0
1381778.0
1085463.0
1205941.0
183179.0
1096732.0
126392.0
1792777.0
657481.0
904059.0
1083651.0
1061349.0
969276.0
1001620.0
1182768.0
1466930.0
1356141.0
535822.0
1459958.0
742092.0
1334592.0
1504389.0
579088.0
2011027.0
1346401.0
1168075.0
1417295.0
24832.0
1441088.0
1312251.0
964647.0
1461283.0
145415.0
1097437.0
126616.0
928179.0
1311675.0
830045.0
1272499.0
1157952.0
1018066.0
967786.0
1466102.0
810006.0
112768.0
800116.0
72042.0
1331456.0
1257195.0
748764.0
689587.0
7104.0
879365.0
1219477.0
342341.0
697408.0
152105.0
35584.0
863794.0
1415040.0
1408637.0
160988.0
808049.0
1631544.0
1338163.0
904846.0
462713.0
214241.0
1455696.0
722228.0
1313606.0
1420342.0
941277.0
731744.0
1101633.0
2139708.0
824599.0
130376.0
1240382.0
93347.0
1208274.0
644465.0
1223505.0
1111207.0
1433703.0
1522773.0
826920.0
1251885.0
539775.0
1138953.0
1335817.0
1416525.0
964469.0
469952.0
1340026.0
1637699.0
1121266.0
1154425.0
1179065.0
804205.0
40308.0
743548.0
804748.0
83779.0
1594425.0
871009.0
1009535.0
358488.0
841736.0
68513.0
957634.0
971973.0
423830.0
212609.0
349256.0
1217290.0
370984.0
894886.0
1484856.0
904611.0
903728.0
1085146.0
506640.0
1952560.0
289758.0
1130174.0
626631.0
187249.0
155116.0
1541000.0
741036.0
228016.0
201952.0
259431.0
822706.0
933301.0
2090216.0
1926122.0
202828.0
1122956.0
458401.0
819763.0
601386.0
1860098.0
1013474.0
1164650.0
676820.0
80856.0
961475.0
1172421.0
1242834.0
263221.0
1167883.0
1782561.0
1145508.0
900469.0
888744.0
2260442.0
502937.0
2494677.0
1390327.0
465024.0
1015366.0
1653440.0
1102851.0
1157478.0
1363408.0
1244652.0
1173680.0
1488448.0
1426259.0
1481283.0
842672.0
299456.0
912032.0
928324.0
862105.0
139517.0
2094082.0
515734.0
1138320.0
23496.0
251950.0
1056204.0
1021477.0
1214255.0
1158095.0
1498439.0
1115457.0
423244.0
637888.0
1067664.0
1028483.0
1878919.0
1192144.0
87480.0
647036.0
891025.0
898678.0
27883.0
1528138.0
621104.0
955769.0
1336548.0
524672.0
1011806.0
1223683.0
202352.0
1596322.0
1012756.0
1239579.0
71072.0
1087345.0
1304808.0
1355783.0
1090083.0
325804.0
59168.0
891716.0
458542.0
25152.0
1472801.0
1438769.0
1728.0
649792.0
690134.0
935445.0
1164911.0
1553624.0
1338327.0
1277130.0
1295554.0
929370.0
986332.0
801222.0
1661455.0
973004.0
1645008.0
517248.0
1388081.0
1242685.0
389056.0
1260821.0
1040630.0
1536049.0
1281253.0
1107005.0
943295.0
986539.0
1361102.0
90696.0
953942.0
784679.0
1053991.0
894907.0
1110501.0
1200308.0
24186.0
882096.0
1304713.0
787345.0
2105032.0
249852.0
6400.0
2525704.0
1337786.0
1624863.0
861313.0
931136.0
611664.0
1131374.0
1278335.0
1575827.0
792088.0
947282.0
1366406.0
1031437.0
852720.0
77204.0
789895.0
367496.0
363376.0
645059.0
1016836.0
353254.0
1110861.0
995404.0
69128.0
1213072.0
1063358.0
802264.0
1617743.0
204735.0
170896.0
1131200.0
526656.0
1323103.0
926847.0
1290829.0
970183.0
1825888.0
1144730.0
811311.0
1085729.0
983243.0
1269392.0
1137173.0
1001628.0
152898.0
1083969.0
400194.0
1108703.0
1103465.0
242036.0
356224.0
1024854.0
516416.0
1303097.0
162132.0
504054.0
167408.0
600100.0
1788532.0
934727.0
841779.0
698803.0
527168.0
4112.0
889685.0
830939.0
1005896.0
461376.0
1229805.0
1255564.0
121485.0
1180251.0
115568.0
1169000.0
941487.0
1426375.0
583104.0
1164340.0
488534.0
968446.0
1596312.0
671634.0
399495.0
195809.0
733164.0
1068335.0
843279.0
238720.0
1368187.0
1170978.0
1585675.0
978443.0
355628.0
1838299.0
54024.0
1100142.0
873411.0
1247201.0
908894.0
652752.0
1066403.0
1486482.0
1024773.0
1033459.0
576064.0
158720.0
852993.0
675008.0
1353893.0
1373971.0
1362746.0
1127593.0
1196516.0
1206795.0
1139125.0
1330518.0
95716.0
655751.0
1029731.0
990864.0
1013160.0
718511.0
1218084.0
1108402.0
605055.0
1197641.0
149096.0
71734.0
617466.0
38351.0
1606381.0
600415.0
1406401.0
41279.0
720176.0
1408957.0
1794461.0
1191864.0
1299636.0
1214477.0
1609561.0
1224219.0
1627702.0
1029521.0
938863.0
972827.0
942385.0
208102.0
1213609.0
1336857.0
613225.0
1913734.0
1010785.0
210812.0
1126772.0
963621.0
584904.0
198990.0
1017214.0
1017624.0
2190606.0
1030116.0
1036411.0
1191336.0
916207.0
959030.0
452836.0
1353848.0
1044917.0
836185.0
1338295.0
1537865.0
1235513.0
903353.0
0.0
589430.0
1579160.0
881603.0
1085932.0
1452842.0
626043.0
745639.0
618756.0
1083330.0
677562.0
76291.0
16864.0
1259470.0
1008138.0
0.0
521408.0
1165999.0
500241.0
625234.0
723604.0
1335622.0
1151535.0
935782.0
628590.0
456452.0
999454.0
453248.0
1361459.0
737965.0
1133297.0
414976.0
1720912.0
123301.0
1374175.0
1205812.0
990735.0
719873.0
1254361.0
1171003.0
347064.0
131190.0
1433391.0
1156435.0
1216093.0
1311786.0
1311105.0
1510503.0
1352128.0
1170788.0
468741.0
1222513.0
1272488.0
1383620.0
91536.0
495168.0
134996.0
1048312.0
59238.0
2455151.0
196751.0
999029.0
642142.0
878979.0
1420420.0
1010100.0
1070191.0
1442038.0
619235.0
1317566.0
1205141.0
1070965.0
867150.0
331489.0
1181352.0
1045447.0
1178465.0
1344332.0
31312.0
814436.0
1066805.0
2746458.0
73408.0
823653.0
1338499.0
1382928.0
1313792.0
1096631.0
2179999.0
1389254.0
887782.0
722012.0
133788.0
962733.0
971295.0
1138998.0
902411.0
1118130.0
1138833.0
1002797.0
1808307.0
1580056.0
55328.0
1763306.0
1523487.0
1722358.0
110292.0
897357.0
982727.0
1115585.0
1024153.0
1244612.0
1780776.0
1574236.0
1453845.0
15424.0
896707.0
1020893.0
1144234.0
1568486.0
1008734.0
771697.0
483623.0
1398069.0
1598630.0
434752.0
252800.0
1054075.0
40936.0
1270000.0
1597130.0
973784.0
0.0
238212.0
959410.0
1460986.0
969432.0
1404848.0
223072.0
932617.0
125829.0
1633378.0
1299755.0
820210.0
1428858.0
731568.0
435642.0
865258.0
1350954.0
358272.0
1637594.0
812342.0
741430.0
1126924.0
1456332.0
1019282.0
1828778.0
1004489.0
1119978.0
972577.0
1019053.0
905508.0
827288.0
807126.0
938466.0
563888.0
872031.0
1308976.0
1309775.0
107614.0
1393384.0
363632.0
1602952.0
1006143.0
1422984.0
1182521.0
1118847.0
1741025.0
1065300.0
1355711.0
1390584.0
1704120.0
1225757.0
378624.0
852972.0
697210.0
108928.0
1337789.0
1296108.0
820692.0
7344.0
859904.0
64648.0
1313171.0
827695.0
1328276.0
1244701.0
1378897.0
447679.0
743996.0
857112.0
879247.0
831448.0
1608986.0
1579278.0
952382.0
1060257.0
1276269.0
329952.0
1721875.0
78702.0
400192.0
791527.0
693962.0
264048.0
799561.0
1292181.0
957946.0
1754218.0
773222.0
354064.0
914534.0
948398.0
1685553.0
1280645.0
962141.0
1013940.0
183778.0
1017991.0
1381646.0
1049977.0
161457.0
1095145.0
1235698.0
1147253.0
1131800.0
1100680.0
1194173.0
904530.0
1292083.0
1024472.0
1203140.0
535616.0
304425.0
1575899.0
1114808.0
894401.0
1274765.0
564422.0
1108428.0
1502075.0
826785.0
1144897.0
990993.0
58363.0
827200.0
1135398.0
2032888.0
1106424.0
36800.0
1058092.0
1209333.0
1368088.0
1280683.0
1086038.0
164374.0
922583.0
1277370.0
973088.0
389536.0
2006922.0
1068961.0
1779225.0
468480.0
489664.0
1216940.0
257792.0
1303001.0
1037350.0
716779.0
957722.0
911862.0
732607.0
1291223.0
1162987.0
1244231.0
1874722.0
871389.0
104232.0
707687.0
968008.0
1217245.0
898908.0
1209107.0
479846.0
1176634.0
1073654.0
479054.0
90820.0
597719.0
628690.0
1265952.0
938262.0
1079188.0
956680.0
1106685.0
848715.0
1614441.0
1095235.0
997191.0
1560562.0
400900.0
1151577.0
960601.0
1906215.0
1101401.0
1007292.0
1246831.0
923247.0
1095709.0
1069254.0
955096.0
1284882.0
961765.0
623051.0
192780.0
658563.0
1354593.0
1034345.0
1074263.0
1067603.0
1316418.0
990193.0
883508.0
2153626.0
1644151.0
1089738.0
1260472.0
1447441.0
1400982.0
149480.0
635072.0
100628.0
828022.0
582517.0
39196.0
647049.0
830802.0
637952.0
1879764.0
1028990.0
1356782.0
1331834.0
530040.0
1259539.0
1714932.0
1028605.0
1266989.0
951754.0
1026538.0
1360360.0
662759.0
1373023.0
1033117.0
1013225.0
1305333.0
990246.0
1367012.0
1072747.0
1042849.0
66036.0
238944.0
1591122.0
670654.0
1070210.0
1666204.0
934258.0
906554.0
65311.0
240425.0
1102242.0
1104921.0
930216.0
704920.0
1086614.0
938967.0
422991.0
907140.0
947901.0
473871.0
996286.0
1016013.0
2114870.0
1177969.0
152192.0
712882.0
1205309.0
1562299.0
927382.0
145953.0
1399617.0
976182.0
2320343.0
1612927.0
1026971.0
658989.0
1094565.0
1039389.0
1282744.0
1585282.0
908749.0
1264547.0
565184.0
24808.0
968459.0
1475392.0
1240126.0
182686.0
1310545.0
448414.0
1492027.0
968027.0
352152.0
1015911.0
139045.0
1185982.0
648996.0
1416509.0
1024833.0
1507322.0
67646.0
197797.0
957341.0
1435763.0
1108560.0
1040447.0
959582.0
721528.0
980963.0
6738.0
1322805.0
929720.0
166592.0
682287.0
1545318.0
1014158.0
784559.0
298790.0
1379682.0
918823.0
873418.0
1452428.0
1754413.0
432704.0
442027.0
1098343.0
1065576.0
906911.0
1500235.0
1424634.0
597120.0
859810.0
1462171.0
1221990.0
907143.0
890549.0
1385084.0
1239171.0
1089646.0
421643.0
1422911.0
1494780.0
1005591.0
1541734.0
1094370.0
1197042.0
1690944.0
747456.0
788404.0
1806636.0
515904.0
1437735.0
1207001.0
1694736.0
608626.0
1312314.0
1353830.0
1414912.0
832624.0
1390406.0
1069236.0
928991.0
1026870.0
1065456.0
1110430.0
1213279.0
905562.0
1046805.0
1074485.0
1089606.0
978697.0
1031075.0
898519.0
1503634.0
3672.0
1363722.0
1064139.0
999817.0
1231785.0
960949.0
814858.0
20288.0
1122221.0
150600.0
230360.0
1019745.0
1491397.0
1134788.0
1454074.0
1417103.0
796771.0
1579514.0
780004.0
1214980.0
1219992.0
1484272.0
622720.0
1459809.0
400073.0
956160.0
929993.0
1012375.0
456079.0
690179.0
1052266.0
867361.0
609624.0
2919819.0
88488.0
748473.0
1246022.0
881445.0
1301057.0
908191.0
2059309.0
1219021.0
1065333.0
273536.0
1238730.0
1030854.0
131952.0
1137320.0
1180931.0
1474820.0
1718174.0
415592.0
1098364.0
1726685.0
345984.0
1087907.0
394752.0
611387.0
1114290.0
945584.0
78448.0
1538499.0
117997.0
184220.0
302720.0
43520.0
1411530.0
905649.0
957305.0
255336.0
283292.0
61696.0
2268981.0
128192.0
816568.0
884864.0
746407.0
4440.0
228131.0
1426599.0
964540.0
20488.0
718356.0
30336.0
1428197.0
1123996.0
922729.0
1179340.0
988541.0
1093791.0
952711.0
1567465.0
1165147.0
188031.0
666863.0
1253275.0
61304.0
1334699.0
1137827.0
470016.0
1063736.0
1405212.0
1357478.0
844365.0
865498.0
1954237.0
1171963.0
1146273.0
97066.0
129472.0
399571.0
1408889.0
1966808.0
1122173.0
1058114.0
1100192.0
1028580.0
1201239.0
961619.0
1044103.0
1076208.0
1094900.0
867422.0
1017332.0
54952.0
1109549.0
1095717.0
1838316.0
493814.0
1345991.0
1365503.0
78036.0
1292404.0
964344.0
1077916.0
101328.0
69709.0
240266.0
1281051.0
1952243.0
1355825.0
1117873.0
399296.0
1432662.0
2136787.0
1092030.0
1430529.0
1044256.0
795941.0
715525.0
1386948.0
1354010.0
698948.0
1411953.0
806499.0
1480988.0
1262497.0
1173075.0
1058666.0
908867.0
1014975.0
1584816.0
857732.0
539712.0
1314652.0
926190.0
925327.0
941795.0
1051813.0
1202765.0
1063357.0
1589356.0
2217760.0
1016264.0
1548542.0
1263499.0
986680.0
776752.0
392391.0
609533.0
136440.0
1646814.0
833755.0
1097188.0
2087095.0
116503.0
1271619.0
1211888.0
1176133.0
934201.0
1308631.0
1131991.0
1050360.0
1101832.0
1299492.0
292931.0
1449030.0
1423010.0
619519.0
1159796.0
1039010.0
1491130.0
853704.0
1250513.0
1287763.0
1355078.0
813746.0
1927500.0
1374018.0
513481.0
121133.0
366528.0
1016808.0
1223132.0
182470.0
597108.0
849607.0
970947.0
958333.0
1613829.0
1338466.0
967480.0
719348.0
670935.0
1944.0
1057806.0
903739.0
1301668.0
2539118.0
527350.0
808136.0
1226923.0
1058992.0
1483637.0
1159161.0
1002260.0
954454.0
1052228.0
1139687.0
157984.0
763175.0
1856202.0
1148411.0
2203615.0
888011.0
893792.0
911501.0
194918.0
1463169.0
652299.0
1078396.0
947315.0
969490.0
1075239.0
873932.0
590785.0
953704.0
837331.0
1237860.0
286086.0
1283590.0
1165242.0
1499745.0
1134410.0
822814.0
1088490.0
1319501.0
1092194.0
669147.0
1426330.0
1174932.0
1069512.0
2108048.0
504235.0
1475524.0
1044108.0
49230.0
1725771.0
1042018.0
101248.0
708014.0
416420.0
292546.0
961919.0
1224505.0
1285541.0
1124914.0
812719.0
889329.0
1057571.0
984567.0
0.0
467008.0
764086.0
1670659.0
1336512.0
1129805.0
1057721.0
569391.0
1950265.0
1374354.0
855181.0
541143.0
1191267.0
1156396.0
948688.0
749116.0
1217881.0
0.0
1658294.0
1097866.0
1078537.0
1118819.0
838474.0
1435350.0
358788.0
1591309.0
1548717.0
0.0
462784.0
1794710.0
962192.0
789420.0
1098973.0
1176676.0
1086638.0
825170.0
1055123.0
1344633.0
894725.0
1239370.0
63973.0
1086217.0
740142.0
1027483.0
1145501.0
1311451.0
1664064.0
1994553.0
967197.0
1489791.0
1035539.0
1650966.0
121238.0
42512.0
631360.0
1426815.0
968436.0
113040.0
1459847.0
1466747.0
1242568.0
1227044.0
169089.0
1538987.0
549236.0
1471005.0
1110901.0
973036.0
51744.0
557641.0
1875401.0
35996.0
1467697.0
1309685.0
1581558.0
1094705.0
1252649.0
1083645.0
1024685.0
514624.0
26936.0
2058934.0
516664.0
1322381.0
985478.0
1356109.0
1208721.0
1198908.0
1745850.0
1456121.0
954370.0
218073.0
1149027.0
201154.0
99421.0
1967297.0
817255.0
2518303.0
1464053.0
66304.0
1039512.0
1167289.0
807548.0
905307.0
1115527.0
1064933.0
1243750.0
960691.0
1043846.0
804080.0
950703.0
956480.0
13120.0
124418.0
1108633.0
1468453.0
1451282.0
1300893.0
532810.0
1309816.0
929031.0
852649.0
1191267.0
1031817.0
1094973.0
998000.0
1619248.0
1415525.0
161732.0
1352267.0
1314023.0
778679.0
1391496.0
1266562.0
1583351.0
723417.0
997886.0
1356274.0
925958.0
27672.0
1154799.0
1193241.0
1245862.0
958581.0
992835.0
159568.0
996968.0
904695.0
813941.0
382930.0
308480.0
1193499.0
1677415.0
2391950.0
1366281.0
1073443.0
1380141.0
808859.0
1073483.0
885893.0
1377513.0
1123435.0
1455104.0
1115793.0
1308904.0
1053810.0
915086.0
68544.0
1154038.0
1064001.0
864873.0
1496014.0
982778.0
1023934.0
734741.0
1227914.0
1267760.0
1241717.0
274176.0
1049521.0
1038491.0
1029878.0
1201590.0
536752.0
541703.0
830866.0
901651.0
1115117.0
1343168.0
866094.0
1435943.0
35174.0
508013.0
551552.0
886760.0
103170.0
823423.0
1632799.0
1259304.0
1173979.0
1320992.0
291134.0
1075114.0
849739.0
1509232.0
1153137.0
1616037.0
1423936.0
671055.0
1085431.0
1358853.0
39294.0
935264.0
1254251.0
1317454.0
1266943.0
951536.0
1069194.0
1112544.0
155411.0
1141606.0
622352.0
634920.0
1528279.0
866090.0
1267835.0
1071840.0
1178240.0
1034505.0
1098338.0
1102876.0
1680940.0
1085954.0
1411103.0
1251569.0
1236820.0
1105753.0
340771.0
951441.0
849516.0
1079668.0
356152.0
1249740.0
1341705.0
491191.0
1442458.0
937312.0
1018285.0
142387.0
1020634.0
980439.0
1137925.0
1087032.0
97968.0
868004.0
1425145.0
29832.0
1391213.0
940556.0
192818.0
1100769.0
1200631.0
1093512.0
1195628.0
1718175.0
78592.0
1072547.0
1157865.0
1496195.0
1092136.0
1343223.0
207221.0
901792.0
1051353.0
1325197.0
1448375.0
1284633.0
969270.0
969244.0
1213353.0
132044.0
1264076.0
134604.0
1080682.0
96164.0
618395.0
1368254.0
1175414.0
929629.0
804884.0
972705.0
867361.0
749350.0
326464.0
158127.0
1209599.0
1341329.0
461056.0
1090958.0
829840.0
1581089.0
960428.0
1379513.0
825423.0
1353564.0
613520.0
996175.0
1008113.0
807243.0
951456.0
1151754.0
1374588.0
823269.0
331227.0
1257999.0
992870.0
1103263.0
1472261.0
81979.0
1500665.0
418112.0
1184773.0
988263.0
1153999.0
1034987.0
258984.0
1067268.0
1104975.0
1261110.0
1012362.0
985146.0
1130250.0
908605.0
1285416.0
867567.0
1270811.0
780307.0
1643898.0
836497.0
1076199.0
442137.0
815820.0
1369533.0
531840.0
1337274.0
300510.0
786702.0
603364.0
1961204.0
356304.0
802976.0
1306917.0
1030293.0
1208520.0
675643.0
814199.0
1103328.0
994654.0
682793.0
1422512.0
1134269.0
868033.0
996324.0
919026.0
159542.0
1475393.0
1289058.0
1223575.0
701264.0
1472107.0
1064043.0
1272804.0
1112764.0
826043.0
29200.0
1144005.0
264808.0
663736.0
111216.0
951848.0
719577.0
183113.0
1021067.0
1003980.0
924642.0
880194.0
1304308.0
1349528.0
55968.0
846361.0
1223508.0
1355520.0
846626.0
1913447.0
1056837.0
115620.0
1515575.0
1046459.0
658873.0
1816370.0
236035.0
1385431.0
2019648.0
831876.0
902349.0
761785.0
955634.0
811323.0
1079386.0
994634.0
1198819.0
963577.0
879675.0
839358.0
1271835.0
875611.0
952389.0
1560709.0
137918.0
1242865.0
1030342.0
1150712.0
1527885.0
991045.0
949411.0
920651.0
528896.0
1240215.0
1140246.0
1715063.0
1080873.0
875281.0
1213661.0
883165.0
1341071.0
1277616.0
1278257.0
547254.0
1121108.0
963697.0
103512.0
1202339.0
968946.0
1637517.0
1081895.0
1607270.0
216852.0
1648329.0
1238940.0
22781.0
923924.0
1096387.0
845636.0
787882.0
1300472.0
1416940.0
1704766.0
156481.0
1168453.0
1404943.0
1261996.0
539098.0
771353.0
155572.0
849806.0
671394.0
804771.0
1078197.0
641767.0
1464174.0
47976.0
448416.0
1780213.0
581965.0
1537593.0
1013668.0
609984.0
1281412.0
782451.0
945254.0
1163372.0
806473.0
1346120.0
1041832.0
793785.0
1197612.0
1027210.0
448448.0
1223909.0
1371496.0
1342880.0
727831.0
1501522.0
1149457.0
976785.0
1227601.0
1310227.0
21540.0
723128.0
965195.0
1586707.0
1151535.0
940526.0
1171997.0
971040.0
1120849.0
519420.0
1911255.0
559360.0
974149.0
1210883.0
774920.0
911342.0
1361429.0
1186276.0
1305476.0
1337478.0
1748462.0
1153487.0
55584.0
1524567.0
1295440.0
1414343.0
1154448.0
1269663.0
1800585.0
940475.0
1774364.0
1470810.0
1824152.0
1362704.0
977990.0
1390208.0
1147459.0
968865.0
974278.0
1087415.0
866839.0
2002500.0
1388188.0
566848.0
1016920.0
890995.0
1993823.0
109801.0
961642.0
423149.0
2093068.0
730677.0
1419952.0
481088.0
982963.0
1027839.0
1125767.0
874108.0
548486.0
1196755.0
1291708.0
1197876.0
1135075.0
122703.0
633751.0
875129.0
905575.0
615360.0
432064.0
611447.0
1020755.0
1237083.0
1171741.0
1363940.0
1774743.0
907798.0
1543959.0
39552.0
898704.0
1267351.0
534196.0
1536691.0
688628.0
1533831.0
1572956.0
786446.0
1118176.0
940017.0
2716116.0
894770.0
854212.0
653680.0
1950818.0
1377999.0
986663.0
1176725.0
593786.0
1005311.0
1040718.0
977816.0
1055252.0
1004547.0
1379355.0
1028089.0
1083358.0
1482826.0
1354915.0
1773835.0
594550.0
1146480.0
682265.0
1099751.0
556031.0
1331229.0
1011636.0
1095808.0
582892.0
956572.0
1259918.0
525681.0
1127334.0
1107324.0
1006501.0
1393134.0
1503497.0
1803408.0
1014364.0
795935.0
1227988.0
1587141.0
1111370.0
1077751.0
376640.0
923582.0
1070526.0
2342917.0
1118822.0
795101.0
1200974.0
1106427.0
1358474.0
672820.0
668416.0
885276.0
1332344.0
1337137.0
752973.0
1169705.0
1431400.0
0.0
1231874.0
1322745.0
1195399.0
370938.0
921853.0
1142286.0
33472.0
991222.0
1238255.0
1564757.0
261977.0
855179.0
977554.0
1307707.0
1328596.0
653024.0
1236766.0
1285343.0
851517.0
1089453.0
32184.0
1696982.0
509351.0
816404.0
879974.0
821568.0
1336817.0
231480.0
31748.0
859507.0
1415037.0
1431817.0
467136.0
1122750.0
620422.0
312505.0
1005980.0
877485.0
939722.0
778869.0
992967.0
1399132.0
105609.0
1322638.0
806088.0
1179878.0
1127875.0
711622.0
1432676.0
470868.0
1222440.0
1160100.0
965111.0
1014240.0
1151169.0
1175025.0
968871.0
634066.0
587924.0
1170431.0
1486923.0
981478.0
1196347.0
952846.0
290445.0
585728.0
622464.0
1039206.0
1381736.0
990899.0
821304.0
1710996.0
247704.0
1520945.0
37312.0
180768.0
790273.0
85398.0
1004633.0
143552.0
969271.0
1295011.0
1339565.0
111635.0
533023.0
1443436.0
1254143.0
184681.0
1028138.0
1558510.0
999800.0
905258.0
822240.0
966893.0
1064392.0
1180709.0
1423277.0
1211738.0
1006849.0
972503.0
992384.0
2325906.0
943189.0
1210681.0
876858.0
822707.0
1593456.0
1037546.0
1129371.0
21480.0
1088398.0
594240.0
1082533.0
1132104.0
72480.0
999496.0
376736.0
636137.0
1046805.0
801976.0
345984.0
1768134.0
1541943.0
1295480.0
91459.0
1009012.0
1214919.0
570816.0
237528.0
870082.0
1101389.0
622272.0
936211.0
721167.0
1306589.0
469248.0
1105992.0
1146947.0
1278648.0
728924.0
932859.0
79959.0
967947.0
914282.0
147552.0
1010933.0
1298762.0
1839385.0
967901.0
809497.0
875885.0
774224.0
308864.0
954245.0
1361988.0
1302530.0
834933.0
1263372.0
1335086.0
869253.0
205115.0
1060153.0
24352.0
1203679.0
902860.0
1206157.0
1472731.0
1049671.0
197036.0
143449.0
1179367.0
745585.0
1503615.0
370752.0
969997.0
1406450.0
669509.0
1052182.0
547130.0
951504.0
0.0
128291.0
790806.0
1018795.0
985423.0
177768.0
1373356.0
15424.0
1183825.0
1217644.0
634393.0
620912.0
177803.0
34072.0
1627297.0
1131225.0
837730.0
1170423.0
1319367.0
1089906.0
1426358.0
51480.0
1127160.0
172624.0
1224769.0
1709964.0
1264661.0
0.0
973138.0
1399371.0
1983729.0
384128.0
1180967.0
861719.0
974095.0
1342616.0
228747.0
605246.0
619108.0
424166.0
869030.0
73078.0
1020790.0
904987.0
1319489.0
1190981.0
140089.0
2156982.0
808492.0
430080.0
1753843.0
1464382.0
102312.0
1377806.0
1167573.0
1164994.0
1242716.0
928394.0
1179771.0
1367371.0
941068.0
1831340.0
2141130.0
5016.0
944241.0
1170863.0
116024.0
1042037.0
1686444.0
1272628.0
1085584.0
1728668.0
1039113.0
5760.0
1420432.0
137011.0
679727.0
1351399.0
1252764.0
1224526.0
1230565.0
764558.0
1095281.0
1015446.0
1023600.0
1278933.0
982185.0
668633.0
769578.0
1811447.0
776661.0
1053165.0
1055242.0
274471.0
49360.0
897611.0
860514.0
1100148.0
838750.0
838738.0
1353136.0
552104.0
419552.0
1132167.0
1005423.0
1370973.0
927810.0
1128922.0
1387538.0
1543186.0
731722.0
1120364.0
957097.0
1681499.0
951801.0
113068.0
1566777.0
83584.0
1033726.0
72400.0
503168.0
459942.0
183491.0
1322089.0
922752.0
192224.0
1048359.0
1058076.0
474256.0
1239257.0
826320.0
1258980.0
742610.0
1411264.0
946868.0
1653968.0
1531576.0
603712.0
1301655.0
1012883.0
951471.0
10944.0
1207119.0
1381037.0
798945.0
1328413.0
1546430.0
978786.0
1206748.0
1171627.0
288265.0
0.0
789615.0
936153.0
1156683.0
995670.0
1890307.0
1433887.0
952179.0
1088488.0
797693.0
123377.0
995060.0
547646.0
867069.0
892520.0
1579034.0
1113298.0
1109573.0
1055780.0
1023267.0
781656.0
619440.0
1274056.0
412519.0
1384333.0
792281.0
1018257.0
1433242.0
37440.0
1966107.0
702710.0
1125638.0
697758.0
1174888.0
322825.0
1043826.0
176277.0
1028108.0
351552.0
1944957.0
1053884.0
1562653.0
1210168.0
1200519.0
1382803.0
1319244.0
946467.0
1360293.0
612672.0
1248586.0
540032.0
1413183.0
1160675.0
145033.0
1194543.0
2049233.0
1200538.0
202076.0
261860.0
1860349.0
552377.0
1372772.0
2219332.0
597029.0
927580.0
1851081.0
118690.0
1328389.0
192056.0
1103083.0
645959.0
986324.0
934927.0
1616733.0
2212559.0
984918.0
278184.0
1350779.0
986560.0
171144.0
846939.0
1039880.0
901499.0
1388079.0
1445704.0
150705.0
675008.0
801646.0
926210.0
962250.0
1088587.0
2064308.0
1070571.0
438918.0
1351562.0
1366611.0
170688.0
696465.0
984024.0
1353527.0
1334318.0
1271113.0
1219679.0
1365090.0
1389073.0
1145280.0
290496.0
335007.0
1198236.0
1132366.0
760233.0
897321.0
47936.0
1493286.0
918078.0
976786.0
423659.0
861757.0
1336869.0
686453.0
1092700.0
1670360.0
1027854.0
1620606.0
719773.0
704070.0
1029367.0
942516.0
1056311.0
793574.0
1224892.0
1339566.0
796067.0
1493048.0
1080122.0
1054698.0
1195875.0
935885.0
692626.0
1092973.0
1143745.0
901845.0
649912.0
1255021.0
1024121.0
120005.0
844202.0
1075838.0
1442103.0
1357787.0
592436.0
34432.0
1262920.0
1033922.0
2038969.0
545141.0
290130.0
796851.0
573312.0
659648.0
702629.0
1091962.0
1276280.0
679895.0
675543.0
1090411.0
755938.0
1281368.0
646989.0
1025177.0
885905.0
1092570.0
994492.0
1250583.0
1294852.0
1206687.0
892308.0
1025032.0
1252016.0
1190986.0
850093.0
1310892.0
1387555.0
1512727.0
1937798.0
352512.0
741709.0
40516.0
1729901.0
18300.0
953334.0
88736.0
723333.0
809688.0
655525.0
741056.0
964596.0
1134137.0
956002.0
1097155.0
1363251.0
1369811.0
1357310.0
563936.0
1447938.0
1932478.0
881186.0
1025193.0
1407381.0
897785.0
0.0
1353762.0
1121082.0
1792235.0
957728.0
1778145.0
1529450.0
2560.0
1356075.0
790896.0
1310817.0
1120887.0
173970.0
1114592.0
1161374.0
598591.0
1575353.0
678042.0
1053959.0
570054.0
1167984.0
960548.0
687028.0
866396.0
1184633.0
1176543.0
1170278.0
0.0
805326.0
664400.0
966573.0
1173856.0
636051.0
893591.0
606978.0
1201725.0
1165949.0
625144.0
1660872.0
1406465.0
394432.0
709632.0
1076661.0
1393011.0
220292.0
730818.0
45976.0
493047.0
793099.0
1156773.0
720184.0
877523.0
1216389.0
1073906.0
623820.0
1611127.0
170827.0
2303411.0
1065090.0
207384.0
1353832.0
0.0
1154711.0
1259355.0
1515352.0
1834603.0
1582543.0
950700.0
1101155.0
1210019.0
1293238.0
1348094.0
2043982.0
1030136.0
1337157.0
1134374.0
997956.0
1512766.0
1153484.0
1131965.0
1748093.0
1588750.0
942595.0
1952220.0
962115.0
1176724.0
989510.0
1297481.0
1476233.0
28704.0
905539.0
865646.0
1542000.0
1356872.0
1215356.0
884620.0
1966730.0
1525243.0
1155556.0
1171460.0
1282236.0
878784.0
1111195.0
1332615.0
1030753.0
1193595.0
2266763.0
913661.0
912513.0
1073846.0
846788.0
1010362.0
1045098.0
232437.0
738914.0
913177.0
1346624.0
1280157.0
963177.0
1337247.0
1205850.0
718784.0
1115519.0
262792.0
884114.0
915024.0
582848.0
100183.0
1299635.0
736636.0
857240.0
1297550.0
934759.0
1445001.0
1320633.0
1071691.0
1058728.0
1350386.0
1373739.0
935873.0
136120.0
1097581.0
372224.0
380416.0
829873.0
1042376.0
1096136.0
877537.0
394336.0
1360578.0
986863.0
1524846.0
250408.0
1434359.0
1005192.0
1250309.0
1321805.0
1088755.0
1304343.0
665160.0
1086703.0
280954.0
25668.0
1312497.0
951667.0
1175365.0
858646.0
1067479.0
598372.0
734831.0
1207027.0
759055.0
931856.0
1158668.0
88837.0
274728.0
1412492.0
1473199.0
268737.0
954107.0
1457744.0
1000899.0
1541787.0
967542.0
1384097.0
1062031.0
1747765.0
1091767.0
77416.0
1816989.0
857769.0
907848.0
1320591.0
976114.0
1279169.0
814742.0
880086.0
1170437.0
932798.0
1585522.0
1029097.0
1093445.0
882782.0
89059.0
169289.0
0.0
1237682.0
1304850.0
833191.0
1154352.0
790493.0
1128225.0
959042.0
1297474.0
980962.0
969892.0
326784.0
1384927.0
1147042.0
599977.0
1332803.0
1223372.0
1216360.0
1049515.0
879325.0
1085375.0
1207878.0
1150415.0
1299144.0
1221462.0
917619.0
820260.0
1360682.0
411598.0
992518.0
12246.0
25192.0
1651418.0
1017777.0
842408.0
771743.0
292472.0
1007675.0
1395093.0
704480.0
133548.0
1117026.0
658368.0
47732.0
1262348.0
3264.0
1156548.0
705554.0
139520.0
1283195.0
1009770.0
455680.0
1162614.0
177610.0
786910.0
432576.0
1085759.0
42112.0
390067.0
646720.0
969812.0
3672.0
1328973.0
698880.0
1036530.0
811301.0
1224493.0
2621279.0
558451.0
856984.0
1037270.0
1417351.0
968247.0
1115078.0
1418856.0
1452144.0
528745.0
1185701.0
497646.0
857562.0
1020671.0
1260112.0
105621.0
1201280.0
56640.0
658128.0
1216952.0
971784.0
1241005.0
1716748.0
1282295.0
634588.0
616428.0
849413.0
397568.0
1634818.0
1266587.0
100256.0
948163.0
351744.0
910464.0
34720.0
972166.0
749520.0
1167857.0
0.0
1240938.0
1248401.0
1551246.0
1046797.0
1239461.0
1052017.0
1253340.0
1103270.0
1488169.0
93480.0
480657.0
2081028.0
1511310.0
858662.0
352544.0
1481250.0
624384.0
1515318.0
1230032.0
1000247.0
940937.0
1549401.0
837727.0
1224416.0
786602.0
91964.0
1372676.0
