949756.0
815621.0
763600.0
1023919.0
52984.0
819905.0
1219994.0
148097.0
988477.0
505172.0
944012.0
289672.0
179304.0
1879505.0
1215203.0
204125.0
1042473.0
90584.0
248880.0
2486004.0
1011816.0
1308113.0
93824.0
931965.0
827909.0
1165750.0
600216.0
1071740.0
1833526.0
1838818.0
136840.0
167541.0
924622.0
1695795.0
628828.0
0.0
1418941.0
6720.0
1174238.0
1242241.0
682257.0
1209982.0
784116.0
1378735.0
779916.0
1345985.0
1491448.0
263873.0
2121004.0
2913525.0
125440.0
1893810.0
1509310.0
859954.0
1796330.0
87104.0
931398.0
1680992.0
944791.0
2371826.0
804152.0
1201914.0
222612.0
200730.0
191648.0
1987278.0
0.0
13376.0
984512.0
171551.0
1518539.0
1115442.0
48728.0
1366338.0
78976.0
238736.0
25792.0
1530822.0
1011512.0
801420.0
1797993.0
177568.0
1101521.0
1628690.0
1749862.0
1694571.0
1676527.0
891034.0
1077430.0
1507457.0
1389583.0
535637.0
1797878.0
1013941.0
537777.0
1472064.0
776503.0
2223912.0
774921.0
303492.0
75120.0
168448.0
974749.0
55704.0
1746762.0
851491.0
1691080.0
23616.0
745917.0
1110864.0
1101051.0
1538061.0
299488.0
2259921.0
154905.0
457274.0
2690413.0
220872.0
766430.0
2393336.0
133041.0
2473467.0
43648.0
196848.0
167259.0
1900949.0
904075.0
1288939.0
2221106.0
144213.0
1430249.0
1474299.0
69112.0
982385.0
171688.0
1875323.0
1493577.0
2179377.0
19008.0
2329719.0
489582.0
2173930.0
1528070.0
1515977.0
1290472.0
1088383.0
882439.0
654590.0
1411650.0
749882.0
1736607.0
1788648.0
1107157.0
1815634.0
1758189.0
20696.0
228384.0
887400.0
1391142.0
1173573.0
1364134.0
836681.0
31616.0
104976.0
1042408.0
583422.0
2239339.0
1139761.0
6208.0
2019781.0
931902.0
265997.0
2149121.0
835807.0
840947.0
113008.0
80320.0
1736407.0
1065661.0
2422908.0
934846.0
785319.0
1703601.0
1069064.0
0.0
1066666.0
971829.0
2340223.0
35712.0
887199.0
1636445.0
1388978.0
1876237.0
1011358.0
1265561.0
1119568.0
1016401.0
503056.0
1109461.0
875755.0
975362.0
706245.0
742984.0
1434243.0
530670.0
1607115.0
2166921.0
486272.0
289343.0
417536.0
924829.0
1647982.0
2508966.0
877918.0
960709.0
14080.0
1589262.0
259106.0
0.0
1610046.0
136424.0
2416449.0
678463.0
557294.0
978658.0
1575337.0
674595.0
101843.0
0.0
229283.0
373217.0
86560.0
16920.0
1398066.0
661828.0
2143025.0
1711830.0
1037695.0
803049.0
1045523.0
2273988.0
1106586.0
1094399.0
2078116.0
261883.0
1283624.0
525978.0
199009.0
1026201.0
1075762.0
614750.0
1028958.0
1543146.0
1000954.0
1968323.0
1873237.0
924973.0
1613278.0
1255359.0
1037241.0
208853.0
964527.0
1709653.0
234156.0
1766114.0
1172887.0
124195.0
238472.0
853686.0
222657.0
1501633.0
0.0
231968.0
820822.0
1291438.0
25984.0
1004592.0
1157465.0
1873680.0
1015717.0
1302774.0
69568.0
979693.0
554168.0
1089766.0
1419215.0
729349.0
981257.0
114048.0
1733075.0
8568.0
141837.0
1749525.0
970458.0
58112.0
168848.0
985373.0
1012521.0
947453.0
147897.0
1150752.0
1983776.0
764347.0
812301.0
431666.0
1258296.0
1163618.0
1071164.0
2089546.0
1241166.0
2588286.0
684645.0
1626360.0
142874.0
1018540.0
609836.0
631758.0
885879.0
228911.0
1265256.0
551532.0
2571855.0
2121562.0
770162.0
831142.0
23560.0
2029031.0
2080234.0
35328.0
111315.0
2348718.0
991508.0
1499500.0
287488.0
1351347.0
3007484.0
1074425.0
157862.0
223920.0
2755602.0
1081025.0
877921.0
144952.0
1217482.0
1935557.0
165648.0
912456.0
1458155.0
1240871.0
1871672.0
876694.0
107696.0
1180330.0
809558.0
642177.0
1942139.0
30024.0
502640.0
2425145.0
709277.0
2124546.0
1325666.0
883538.0
1545530.0
155512.0
175373.0
177752.0
149318.0
208690.0
1471571.0
1281949.0
1771231.0
25144.0
1045504.0
739181.0
1270266.0
43088.0
328727.0
167752.0
14912.0
1058818.0
889224.0
0.0
88008.0
1061221.0
2191172.0
1190481.0
1931724.0
1476760.0
30024.0
1070258.0
2046589.0
915134.0
1023130.0
521904.0
1673443.0
1227101.0
779398.0
19208.0
391456.0
1512161.0
517784.0
1724444.0
1046579.0
100034.0
1385304.0
1745272.0
754935.0
1270097.0
221983.0
1662961.0
811966.0
2921610.0
1136533.0
727596.0
2744885.0
923192.0
1443201.0
1794572.0
924741.0
1497515.0
759734.0
907261.0
1896836.0
177846.0
451971.0
2357742.0
675940.0
1468055.0
1899248.0
992174.0
1447892.0
254797.0
188576.0
16000.0
230088.0
2055242.0
1007445.0
248374.0
766582.0
715949.0
991674.0
1544486.0
526336.0
473657.0
8320.0
1147072.0
1611780.0
1639209.0
118605.0
1022566.0
2123113.0
207488.0
1130661.0
1138935.0
1668371.0
191624.0
910919.0
1881394.0
909365.0
1194045.0
135074.0
870755.0
2085941.0
147689.0
1112453.0
879789.0
1862043.0
1596657.0
1183048.0
2312538.0
598221.0
172441.0
2153952.0
1090852.0
1690569.0
1992891.0
2311692.0
290762.0
289948.0
1536208.0
2270152.0
2205851.0
1716175.0
2019334.0
775661.0
1942825.0
2088426.0
991941.0
1402017.0
944130.0
487567.0
1166271.0
692857.0
551658.0
1735343.0
1336036.0
1134163.0
552255.0
141440.0
960091.0
1667601.0
1228935.0
1360294.0
843193.0
824289.0
1956966.0
1430164.0
780712.0
1077445.0
2102130.0
77404.0
26280.0
135855.0
1260173.0
1025451.0
1089898.0
799207.0
786966.0
88342.0
1215819.0
15936.0
1417626.0
138329.0
842326.0
889130.0
1029307.0
25552.0
2002005.0
134086.0
926841.0
221808.0
698761.0
1245543.0
176232.0
1980721.0
802519.0
79580.0
1006926.0
991474.0
546560.0
2264763.0
1883067.0
22656.0
1341878.0
1255932.0
218936.0
1550649.0
1615925.0
1067800.0
614375.0
47680.0
2596364.0
1724034.0
87638.0
207421.0
230324.0
377880.0
813631.0
1404933.0
197272.0
2390272.0
849382.0
56648.0
1634970.0
843436.0
1945619.0
211978.0
904571.0
860232.0
76544.0
659454.0
821300.0
2107753.0
1583640.0
2487943.0
1660649.0
1146583.0
1201048.0
1136233.0
1728957.0
1097324.0
13120.0
865933.0
1017850.0
45552.0
950742.0
17536.0
2344117.0
11520.0
159625.0
1562603.0
1462074.0
1033365.0
1202356.0
810313.0
831908.0
706999.0
1078859.0
2287720.0
752215.0
1043139.0
1802730.0
1196816.0
4096.0
11904.0
913221.0
668749.0
1028932.0
67200.0
959716.0
638327.0
999907.0
1993989.0
216496.0
65856.0
2021277.0
994514.0
717806.0
430188.0
977428.0
1956208.0
422072.0
1296515.0
1548212.0
1509324.0
1138316.0
107952.0
1102874.0
969498.0
874027.0
1550101.0
902398.0
796049.0
678697.0
22656.0
1574327.0
1345399.0
840172.0
945169.0
1759631.0
1023293.0
650091.0
922255.0
1593180.0
874405.0
133456.0
742060.0
25728.0
2030859.0
616808.0
935838.0
509070.0
632936.0
90509.0
114368.0
22912.0
808515.0
176128.0
470024.0
1298491.0
189312.0
1770069.0
427110.0
1131616.0
1380765.0
1704536.0
765027.0
1347754.0
803891.0
1149909.0
1659710.0
128056.0
27312.0
989558.0
1508750.0
1165017.0
52521.0
171776.0
86168.0
738139.0
600576.0
59456.0
90168.0
1583906.0
1221513.0
1322787.0
941144.0
1355229.0
1118097.0
1771658.0
1058495.0
1606463.0
789427.0
227848.0
126779.0
2520194.0
1130657.0
1616700.0
348352.0
1298919.0
1668797.0
961176.0
174282.0
28032.0
331767.0
113600.0
655134.0
0.0
1866509.0
834248.0
1421036.0
2194390.0
1255514.0
994020.0
107000.0
265421.0
1953978.0
1254243.0
762142.0
1720892.0
985018.0
23040.0
1298450.0
56936.0
1794853.0
985290.0
751617.0
1273545.0
1110936.0
30080.0
1207724.0
102176.0
1783411.0
885087.0
212115.0
1510742.0
111548.0
1209620.0
245048.0
159469.0
986995.0
1341302.0
1329724.0
38376.0
605947.0
1069430.0
1288533.0
1526237.0
406491.0
2671245.0
190353.0
545033.0
172832.0
891631.0
1189248.0
1294125.0
1845395.0
0.0
190621.0
1275583.0
306496.0
544729.0
499722.0
2343352.0
12416.0
1168596.0
744704.0
1387336.0
2415903.0
116176.0
316478.0
991413.0
1038436.0
886354.0
130375.0
2210778.0
1601332.0
1265669.0
104342.0
170480.0
705366.0
718441.0
1035983.0
2316758.0
1551346.0
170104.0
156915.0
432656.0
1454452.0
13632.0
160760.0
1013372.0
1239937.0
733710.0
704417.0
137088.0
1707891.0
518992.0
1566687.0
230776.0
2173809.0
1923071.0
837940.0
1673473.0
1435642.0
2059782.0
1574872.0
1591090.0
1143575.0
307924.0
1361427.0
0.0
1038707.0
270285.0
580810.0
2617094.0
844952.0
2295721.0
307456.0
688825.0
706312.0
803920.0
1895569.0
1027610.0
149104.0
853361.0
861900.0
742084.0
1694314.0
892555.0
1140307.0
1122965.0
211968.0
0.0
1832767.0
1496504.0
720977.0
685789.0
0.0
738534.0
163452.0
1408371.0
1420273.0
816747.0
934411.0
1826761.0
674844.0
2495196.0
2109458.0
1194332.0
988301.0
1176537.0
357589.0
168968.0
913714.0
1513467.0
921689.0
814000.0
112391.0
1001051.0
18992.0
1450463.0
971942.0
1181842.0
922426.0
1492419.0
12288.0
216096.0
842415.0
0.0
136730.0
793958.0
1769653.0
833465.0
274208.0
1058376.0
736833.0
1023282.0
2479248.0
2991448.0
1916479.0
764719.0
0.0
1232350.0
1223991.0
2522430.0
1078820.0
148042.0
930133.0
232416.0
1480938.0
1538145.0
998412.0
212784.0
2148816.0
1370927.0
1306467.0
1925964.0
14608.0
1921160.0
208000.0
1201536.0
590091.0
1030640.0
1289662.0
1499522.0
1326539.0
1011518.0
2067673.0
858190.0
1197210.0
1587302.0
654906.0
861424.0
998446.0
1263484.0
981391.0
837018.0
670621.0
1928084.0
1941055.0
1486269.0
912467.0
102968.0
1515739.0
1288850.0
993936.0
1152342.0
1474623.0
81616.0
183224.0
18840.0
1513722.0
737216.0
1415849.0
969032.0
1079890.0
821821.0
1832540.0
753107.0
616714.0
211139.0
840382.0
653346.0
958563.0
12608.0
1380010.0
1140615.0
893031.0
1248490.0
1700822.0
105984.0
144728.0
30496.0
1675634.0
129408.0
2220978.0
1698631.0
1132912.0
861779.0
0.0
128701.0
116405.0
818175.0
2732645.0
2003969.0
150030.0
696874.0
130480.0
44672.0
188832.0
129711.0
587215.0
995557.0
1084897.0
725536.0
2380727.0
872743.0
782299.0
169768.0
349978.0
299287.0
84150.0
950458.0
1187725.0
599534.0
1494243.0
776032.0
725002.0
927943.0
30912.0
17088.0
1595492.0
1752084.0
70400.0
1533481.0
1497806.0
144691.0
1101041.0
183178.0
2050258.0
748040.0
1776424.0
310524.0
1323892.0
1446034.0
1418318.0
1040508.0
1067709.0
1506290.0
1432854.0
864931.0
1772403.0
1454615.0
948982.0
78677.0
74698.0
2884352.0
2003210.0
1119507.0
1213482.0
25968.0
80064.0
819557.0
58712.0
699324.0
499328.0
0.0
77184.0
1020021.0
1530159.0
1003133.0
1188526.0
1493915.0
1486772.0
4608.0
991892.0
1498133.0
321600.0
805673.0
1259559.0
1451222.0
1800812.0
573856.0
1079382.0
1548484.0
84560.0
1035538.0
1701477.0
966936.0
1693328.0
842839.0
1221985.0
1860353.0
1016164.0
1612490.0
1156196.0
1119043.0
1071917.0
1863683.0
979342.0
795917.0
833741.0
1769994.0
962744.0
101358.0
745125.0
1057679.0
800306.0
13888.0
2458679.0
91392.0
28320.0
1553633.0
1807129.0
1648525.0
1088.0
679238.0
813248.0
110888.0
573728.0
185984.0
41280.0
1810146.0
1732748.0
1767410.0
727555.0
112245.0
1553417.0
1009281.0
1214208.0
236320.0
107456.0
0.0
126133.0
819737.0
988491.0
1112303.0
1217972.0
409236.0
782731.0
1069993.0
241856.0
896700.0
1629904.0
42432.0
153192.0
961721.0
1689341.0
122088.0
1306361.0
1183149.0
12728.0
980276.0
1683083.0
1085178.0
2185487.0
2238813.0
922087.0
246506.0
830402.0
2530022.0
1227237.0
11328.0
260191.0
1769718.0
1019492.0
1881539.0
1075465.0
0.0
186059.0
980527.0
779169.0
1465297.0
1728.0
880281.0
54748.0
1346385.0
1112154.0
213779.0
462459.0
879689.0
1011471.0
516448.0
1878794.0
1260335.0
144024.0
855832.0
1086220.0
11328.0
630708.0
1197900.0
1145987.0
1057022.0
38592.0
1685205.0
949867.0
198520.0
931137.0
806676.0
99865.0
1053573.0
20032.0
100336.0
37111.0
71144.0
67392.0
1043149.0
2155506.0
1568510.0
442880.0
415755.0
1944986.0
1629340.0
156904.0
0.0
977939.0
287064.0
1694605.0
186272.0
926833.0
954883.0
1602465.0
147657.0
25088.0
146304.0
577159.0
1719610.0
137247.0
1448520.0
587341.0
290181.0
276800.0
1132128.0
1054665.0
267313.0
1126051.0
1089133.0
1575495.0
1055361.0
162080.0
1579408.0
1564315.0
161760.0
15792.0
2528745.0
718302.0
1047678.0
1660278.0
20784.0
654059.0
608072.0
237380.0
1589949.0
1339440.0
2909700.0
235283.0
626078.0
1006254.0
1213118.0
2376449.0
1251798.0
1358161.0
735878.0
2132970.0
1844031.0
711926.0
174104.0
1160974.0
869715.0
25472.0
1502131.0
1050107.0
86944.0
1560748.0
88818.0
748884.0
1048373.0
666107.0
1459340.0
1230528.0
1067517.0
83840.0
366896.0
1337959.0
1356727.0
673753.0
211854.0
1138560.0
823008.0
1225308.0
704434.0
46720.0
2405762.0
1269278.0
1052369.0
23808.0
1066666.0
752078.0
43072.0
929538.0
1363634.0
80800.0
1315273.0
919527.0
251648.0
0.0
165120.0
1675146.0
8512.0
1590183.0
597522.0
880808.0
197797.0
639221.0
1489579.0
803343.0
1667140.0
72280.0
2129187.0
147656.0
639069.0
23744.0
926218.0
140560.0
0.0
955531.0
22944.0
936525.0
752197.0
1573357.0
1880369.0
197000.0
952895.0
1393739.0
1500205.0
1051938.0
1455764.0
825274.0
2029763.0
1030993.0
1315156.0
564032.0
447592.0
1521232.0
1789335.0
1067704.0
893955.0
2398286.0
746133.0
1175399.0
891010.0
1570261.0
0.0
1054132.0
234576.0
81624.0
974870.0
879344.0
1153786.0
1171906.0
1258001.0
1913783.0
561535.0
2191108.0
80804.0
2035054.0
805203.0
972827.0
1279685.0
1254387.0
939641.0
951697.0
1132307.0
254365.0
1587120.0
1766212.0
65832.0
1015685.0
482752.0
923130.0
1255561.0
1943150.0
1725846.0
82344.0
1432935.0
994019.0
1083957.0
111456.0
896024.0
989427.0
1417490.0
56484.0
1830396.0
1010040.0
1187688.0
1371978.0
1398268.0
1183290.0
50880.0
168568.0
1708257.0
845523.0
694175.0
101592.0
100992.0
927720.0
61672.0
64576.0
136454.0
1575126.0
1424301.0
1531951.0
1098212.0
39408.0
66073.0
949475.0
1498854.0
256909.0
207104.0
1738731.0
21312.0
2045743.0
2135297.0
1418041.0
1237596.0
72832.0
0.0
1989774.0
801273.0
2051390.0
1355517.0
782778.0
12160.0
25320.0
742640.0
902872.0
2500562.0
484702.0
262328.0
585579.0
603517.0
102654.0
535744.0
1054666.0
511198.0
974506.0
745252.0
29376.0
860843.0
173054.0
417864.0
2425440.0
1611345.0
1709432.0
774588.0
992340.0
970203.0
14464.0
732874.0
1415509.0
1079398.0
1681842.0
0.0
1895086.0
1528984.0
1916012.0
142048.0
1837581.0
1013808.0
1668797.0
1365331.0
1070937.0
1655781.0
1072920.0
1661985.0
1919045.0
330623.0
677161.0
1039207.0
0.0
1709628.0
1461340.0
860798.0
934670.0
603277.0
312552.0
1176108.0
903909.0
1642174.0
1910900.0
984817.0
1150463.0
27200.0
1217422.0
16448.0
1273715.0
1279928.0
1053949.0
2225635.0
1201356.0
986234.0
1299164.0
1004643.0
1731226.0
1049034.0
2195236.0
215747.0
943708.0
18816.0
752414.0
697902.0
403072.0
1517252.0
732652.0
786848.0
628840.0
1071406.0
2173678.0
1589858.0
1226020.0
0.0
853638.0
889881.0
1967796.0
691156.0
272728.0
83992.0
1139257.0
1339642.0
1162369.0
220480.0
844287.0
499904.0
2611536.0
94838.0
2157323.0
2570929.0
1126051.0
136520.0
66120.0
1471099.0
21376.0
1420635.0
1050144.0
1112256.0
1186347.0
1113501.0
84864.0
1427390.0
1189136.0
1983750.0
969459.0
132664.0
922635.0
832634.0
98681.0
1382943.0
1636550.0
242440.0
885673.0
851476.0
229952.0
601496.0
1525763.0
634842.0
1158495.0
1315209.0
22888.0
761041.0
901240.0
22152.0
805527.0
1133932.0
918806.0
102600.0
1100501.0
168920.0
2206269.0
174312.0
1281404.0
1235867.0
1026760.0
1202109.0
1027487.0
151536.0
460343.0
102848.0
2264306.0
917454.0
16192.0
852031.0
829172.0
1353155.0
82560.0
1083188.0
735569.0
2009787.0
14528.0
1728.0
178504.0
8568.0
53248.0
636194.0
0.0
552630.0
1805095.0
231711.0
218560.0
1206476.0
671495.0
1674329.0
1428678.0
17728.0
835160.0
605128.0
1961771.0
1598977.0
1243388.0
1237321.0
0.0
1711589.0
932995.0
238265.0
828092.0
2107524.0
1770141.0
970494.0
224805.0
897085.0
1609969.0
1516920.0
1121531.0
1731228.0
1928101.0
1172738.0
760938.0
1162338.0
612881.0
430634.0
1771456.0
1379308.0
2338680.0
2293714.0
1263135.0
2016099.0
544516.0
1737929.0
846261.0
993186.0
1587615.0
1133582.0
670480.0
45504.0
985005.0
167318.0
519345.0
1610656.0
741646.0
495936.0
243783.0
1835364.0
857878.0
2320637.0
18008.0
1009525.0
1531965.0
0.0
939871.0
149619.0
1850273.0
858301.0
85784.0
965365.0
1922569.0
2207739.0
1404873.0
1398264.0
1302539.0
1750567.0
705450.0
2047374.0
228966.0
810313.0
1017974.0
1447636.0
1456901.0
1150149.0
931608.0
1530047.0
1755572.0
799782.0
1214564.0
827705.0
1997957.0
995094.0
214968.0
175329.0
2176709.0
9216.0
939555.0
900439.0
1154508.0
2527206.0
1512406.0
996315.0
244585.0
1491919.0
321784.0
1433553.0
1744820.0
1738779.0
24936.0
773663.0
1163093.0
820483.0
0.0
2261030.0
1126187.0
119536.0
17920.0
856913.0
1522664.0
836416.0
1284550.0
1188381.0
1791388.0
861355.0
936002.0
310987.0
1053615.0
2653473.0
910371.0
20744.0
1336267.0
2561609.0
173699.0
524773.0
109348.0
10224.0
756839.0
1604885.0
911814.0
955561.0
1596358.0
1182349.0
154688.0
747015.0
190287.0
964122.0
4608.0
190040.0
795693.0
1101113.0
1246162.0
1123694.0
1268970.0
925985.0
861998.0
1034688.0
999806.0
954070.0
1436006.0
1368934.0
849969.0
47360.0
1241240.0
240600.0
975797.0
880023.0
15936.0
687806.0
72032.0
634792.0
1859098.0
20672.0
1151637.0
1015744.0
2339887.0
1609119.0
2117320.0
1169200.0
890805.0
1399246.0
1856212.0
1393993.0
167068.0
1677171.0
1919977.0
955722.0
2304.0
1074822.0
866964.0
169056.0
1307569.0
950351.0
1126650.0
1526341.0
131304.0
88734.0
1760625.0
960203.0
2022038.0
776283.0
995936.0
2847882.0
80320.0
142640.0
2637740.0
1044672.0
327892.0
1642153.0
1761293.0
1126032.0
1275375.0
2191024.0
1462090.0
529755.0
2141759.0
166674.0
327863.0
1165527.0
117012.0
1166845.0
1061212.0
1097923.0
13120.0
611167.0
1091565.0
509240.0
1273124.0
693405.0
1154762.0
78335.0
884908.0
839594.0
1361228.0
814986.0
769149.0
471524.0
404870.0
863941.0
1126365.0
2067848.0
99672.0
520192.0
1731549.0
1609888.0
1362530.0
814573.0
751499.0
1394906.0
205710.0
73344.0
525318.0
942428.0
56064.0
838196.0
155704.0
1265768.0
1092879.0
653848.0
1451647.0
845723.0
980454.0
1822638.0
886006.0
23616.0
934636.0
1036882.0
1598543.0
1017023.0
369945.0
425754.0
202352.0
60588.0
11328.0
92621.0
1119288.0
234824.0
1314401.0
1433556.0
274836.0
201818.0
1311428.0
195848.0
2402072.0
1604594.0
19360.0
1172070.0
21256.0
660311.0
375285.0
962435.0
1348437.0
36288.0
76768.0
557311.0
1714806.0
33952.0
791129.0
53480.0
1198152.0
1223084.0
925348.0
554780.0
914740.0
823277.0
1053903.0
1051226.0
768451.0
1012294.0
1694720.0
204318.0
1715297.0
949811.0
277376.0
1286917.0
41024.0
2109071.0
25408.0
1398904.0
201568.0
53232.0
128564.0
1925658.0
974280.0
969360.0
1884208.0
1835362.0
151064.0
53080.0
1748115.0
66240.0
639825.0
111552.0
1786862.0
966672.0
20096.0
197966.0
14592.0
1345471.0
1352690.0
1183960.0
1249969.0
1712199.0
525585.0
866798.0
856444.0
863143.0
150917.0
115956.0
1698942.0
908132.0
1157536.0
64064.0
1715018.0
1019905.0
904629.0
1156625.0
1902213.0
0.0
955507.0
1186512.0
2983539.0
576434.0
1412974.0
1024442.0
815116.0
188944.0
0.0
2357065.0
2750638.0
826259.0
655936.0
1164389.0
736127.0
1895176.0
860873.0
2479753.0
1026083.0
68864.0
133643.0
1798006.0
978579.0
630861.0
933126.0
1629234.0
2472600.0
182579.0
149288.0
161008.0
1640975.0
1203857.0
1549786.0
1546260.0
960964.0
1142047.0
1166055.0
1328523.0
208305.0
377698.0
1088453.0
0.0
1519939.0
1372711.0
237356.0
694730.0
700897.0
244859.0
1146698.0
945487.0
1175870.0
1616124.0
286256.0
2081295.0
1746752.0
1209677.0
703115.0
710045.0
810115.0
1217776.0
694374.0
2016245.0
1249981.0
1456846.0
33984.0
1606462.0
1981086.0
1099130.0
966279.0
1925558.0
44736.0
1604467.0
801818.0
798928.0
1963922.0
904679.0
2194313.0
972481.0
1359098.0
1637499.0
959083.0
4096.0
865910.0
1134714.0
266484.0
1278585.0
2021599.0
1852214.0
2289363.0
147749.0
167685.0
839053.0
1556600.0
721336.0
4096.0
1026487.0
754131.0
1971516.0
115064.0
75190.0
1174211.0
181288.0
1030154.0
824054.0
746289.0
2857943.0
30080.0
122332.0
2436722.0
924597.0
1426668.0
1569506.0
929910.0
190182.0
114378.0
2177383.0
1056695.0
77042.0
1051504.0
1080257.0
1316965.0
244504.0
40320.0
817010.0
1780872.0
949885.0
1245800.0
2135283.0
2374029.0
615619.0
1022234.0
1936205.0
352923.0
989497.0
446400.0
1690353.0
1167338.0
3007714.0
1181826.0
621308.0
516351.0
944922.0
599893.0
874234.0
2114265.0
2145727.0
819473.0
454207.0
708625.0
667068.0
38656.0
1969224.0
846615.0
237167.0
167666.0
1693088.0
163671.0
749670.0
871424.0
44416.0
1653149.0
16512.0
332267.0
1770706.0
1747337.0
1393565.0
1458304.0
0.0
544617.0
912261.0
26032.0
1200012.0
924295.0
1059169.0
1668392.0
152263.0
8496.0
557692.0
1436524.0
1842222.0
534464.0
667497.0
1547359.0
1645211.0
955443.0
1816950.0
964992.0
1581470.0
1586749.0
88576.0
1092928.0
812566.0
61432.0
2058501.0
1556381.0
823432.0
1002007.0
227198.0
1147315.0
1161108.0
9792.0
1595734.0
840032.0
991270.0
989755.0
528786.0
147274.0
1498602.0
6400.0
375024.0
1694883.0
1855547.0
1053890.0
143232.0
817852.0
857253.0
1091850.0
253903.0
1132988.0
1414087.0
1918243.0
225022.0
1442778.0
1204906.0
2304.0
174912.0
1003102.0
1369577.0
221312.0
717655.0
71992.0
501246.0
74880.0
53920.0
52584.0
875531.0
1200852.0
1056593.0
852745.0
12864.0
1102401.0
38989.0
132800.0
1879864.0
28728.0
272865.0
34632.0
2411927.0
74944.0
1768755.0
1261515.0
886107.0
1192252.0
1027987.0
943121.0
951893.0
1160713.0
992642.0
150048.0
448892.0
1104345.0
1089684.0
2389444.0
196104.0
241571.0
2540836.0
256.0
205866.0
81152.0
1735587.0
772748.0
1490456.0
1950493.0
986029.0
595117.0
1705872.0
1509164.0
142457.0
2127569.0
1850867.0
1020870.0
1527531.0
2087536.0
901547.0
1370826.0
1945602.0
938016.0
40256.0
161609.0
687788.0
2238231.0
1470276.0
1620239.0
1148631.0
1900367.0
150010.0
473280.0
837853.0
172957.0
882692.0
35520.0
298209.0
278264.0
226624.0
307924.0
1405008.0
542896.0
32896.0
106816.0
2009242.0
174438.0
1693695.0
1785947.0
697305.0
1773044.0
1903960.0
5248.0
2086797.0
923378.0
946196.0
118311.0
975017.0
244670.0
268444.0
923815.0
16992.0
1005971.0
1207655.0
1129109.0
1132789.0
15744.0
612464.0
1007479.0
2035126.0
135040.0
1546491.0
626185.0
144178.0
1574527.0
1811580.0
522063.0
2304.0
234056.0
72632.0
1008753.0
1092587.0
801577.0
1340220.0
2363199.0
1148321.0
1442758.0
986824.0
482931.0
968979.0
2810736.0
1956739.0
1620539.0
2209244.0
1017635.0
1022666.0
743015.0
916217.0
0.0
1781396.0
1048396.0
854080.0
1181257.0
878303.0
1000450.0
747797.0
1858930.0
1157446.0
483931.0
70380.0
178455.0
74944.0
189048.0
0.0
1295455.0
2045357.0
957134.0
1469087.0
402146.0
159650.0
1172677.0
1589670.0
861543.0
61296.0
1844687.0
121368.0
1079834.0
130216.0
821565.0
1185137.0
197259.0
1144717.0
1091264.0
515572.0
1488828.0
32128.0
1036789.0
683884.0
1464689.0
1161685.0
199754.0
20632.0
1271274.0
1001725.0
1230216.0
910902.0
1007801.0
735500.0
117632.0
1757851.0
2407867.0
80944.0
812004.0
1724688.0
1281938.0
1537855.0
1047581.0
2483562.0
1022535.0
4608.0
244832.0
1161300.0
968402.0
205248.0
1673336.0
27576.0
803631.0
793803.0
885186.0
2855873.0
0.0
1393807.0
931686.0
413674.0
255801.0
24995.0
1026121.0
959030.0
883613.0
1112488.0
706913.0
144846.0
632349.0
587925.0
211768.0
1004768.0
349633.0
605819.0
1107420.0
1691037.0
1577438.0
1239868.0
2429621.0
152721.0
1093219.0
1217699.0
1691898.0
1117477.0
837978.0
1534312.0
1051734.0
1209740.0
181200.0
853242.0
982678.0
1716604.0
1478783.0
759728.0
1061107.0
713091.0
284547.0
1424757.0
835628.0
15936.0
978939.0
910942.0
1439730.0
1639896.0
1730937.0
1180001.0
2035121.0
1710165.0
137472.0
0.0
1588680.0
22336.0
51182.0
17136.0
1015887.0
1831858.0
1131042.0
1077776.0
1024412.0
269112.0
9216.0
24464.0
814707.0
493436.0
975434.0
850003.0
1247372.0
536169.0
1638696.0
1382212.0
165324.0
0.0
873595.0
1099585.0
2644542.0
1069923.0
984544.0
944141.0
2278137.0
185984.0
428244.0
1002065.0
1018507.0
1781897.0
952236.0
2236887.0
1298743.0
953307.0
414903.0
1544769.0
1728.0
1438427.0
1154424.0
765918.0
1372306.0
865300.0
999684.0
838925.0
1402631.0
188992.0
279815.0
818385.0
0.0
804436.0
140746.0
927763.0
142664.0
106475.0
963439.0
110666.0
1876232.0
910517.0
18928.0
32832.0
219528.0
959728.0
1482531.0
65024.0
1307338.0
470656.0
927538.0
1032081.0
123192.0
990201.0
1137563.0
2158116.0
1266095.0
175450.0
525464.0
829582.0
551486.0
1060937.0
1643364.0
1043165.0
799096.0
795193.0
1968517.0
122108.0
90456.0
859219.0
1365027.0
1585924.0
1571694.0
2121561.0
815220.0
1069075.0
1167873.0
1834073.0
951915.0
1482638.0
2265402.0
2062150.0
963643.0
1656603.0
222016.0
1780987.0
1544364.0
2814645.0
211527.0
969101.0
2286351.0
4096.0
1503814.0
192576.0
1515634.0
963359.0
217046.0
896173.0
201552.0
1763247.0
734698.0
2032572.0
1440488.0
973706.0
2053817.0
1091515.0
1932879.0
1972511.0
1468668.0
547941.0
1058499.0
1585997.0
1420885.0
1817118.0
50432.0
1165042.0
1977070.0
1102617.0
159514.0
117484.0
933655.0
193416.0
1024641.0
2920181.0
488560.0
966689.0
1598855.0
1216801.0
26752.0
1196109.0
703350.0
1460951.0
1860005.0
887213.0
77875.0
1510336.0
15744.0
866048.0
979199.0
2393877.0
1919523.0
1123205.0
0.0
2035367.0
1138819.0
358954.0
946769.0
799033.0
2323497.0
0.0
1655459.0
1408357.0
950640.0
1113630.0
895893.0
281410.0
1118770.0
1028018.0
173201.0
805862.0
159859.0
258195.0
267334.0
1170909.0
102786.0
188160.0
1160285.0
2047250.0
2006461.0
0.0
79976.0
123809.0
179264.0
1254410.0
48448.0
347215.0
1728.0
163200.0
1268815.0
0.0
752633.0
25624.0
184480.0
98014.0
1058603.0
1766802.0
214520.0
213319.0
785893.0
1479367.0
988317.0
145312.0
102380.0
2246241.0
832800.0
755401.0
1083608.0
0.0
1318144.0
1042460.0
900859.0
1672177.0
462423.0
2293764.0
977724.0
592560.0
810333.0
1431652.0
884686.0
4352.0
1061268.0
1967575.0
1049455.0
1728.0
1068415.0
238469.0
956629.0
1217447.0
1502625.0
745357.0
2171260.0
947624.0
260584.0
1077257.0
1075531.0
1064722.0
947849.0
469056.0
674479.0
1198805.0
1466682.0
825558.0
1501806.0
1674277.0
1289583.0
881110.0
1651669.0
208901.0
1555245.0
1396716.0
1388476.0
1108732.0
1954749.0
2117071.0
798957.0
685195.0
1144137.0
2366647.0
1527875.0
40368.0
60607.0
1021786.0
1712976.0
746205.0
46408.0
2622993.0
338471.0
2647958.0
1438259.0
1037333.0
832668.0
827029.0
600768.0
205753.0
1445077.0
897937.0
847694.0
529071.0
665760.0
1923502.0
971099.0
1492136.0
238526.0
1008153.0
1637928.0
871601.0
33088.0
984335.0
213272.0
218698.0
1031538.0
678687.0
1499846.0
487118.0
1829866.0
147072.0
1014917.0
1112983.0
166720.0
1001797.0
1468035.0
192779.0
1041176.0
943391.0
0.0
1053696.0
51218.0
254575.0
991404.0
2121883.0
200705.0
2135591.0
1638018.0
2304.0
1440652.0
1106434.0
1041199.0
1852398.0
2323491.0
187520.0
2321391.0
719532.0
890416.0
1080590.0
160832.0
1806755.0
1909016.0
1352837.0
1567529.0
30336.0
1044172.0
1020100.0
1350112.0
1757978.0
862912.0
998913.0
154760.0
1829895.0
965853.0
1145159.0
1111668.0
787464.0
154380.0
1489690.0
880311.0
3071263.0
40256.0
1257618.0
996597.0
733961.0
2148879.0
620744.0
93840.0
2711966.0
789352.0
1397233.0
771568.0
995998.0
1660768.0
1702490.0
2069532.0
1579229.0
801713.0
104248.0
1110840.0
8496.0
532734.0
1504360.0
879882.0
1274318.0
1624251.0
2392663.0
1206617.0
324657.0
87208.0
103872.0
919055.0
1472106.0
263205.0
905966.0
1461974.0
653386.0
800134.0
772355.0
1583746.0
81712.0
804396.0
1199742.0
91944.0
294150.0
60480.0
819790.0
1178818.0
760691.0
928802.0
868939.0
34368.0
1199881.0
1230422.0
1239221.0
41920.0
1100246.0
14400.0
43264.0
1015902.0
1995454.0
986721.0
1338031.0
1349003.0
551843.0
202592.0
1161299.0
79552.0
890723.0
2463763.0
1972492.0
774342.0
1581747.0
995732.0
1044273.0
8496.0
1086024.0
759152.0
1844671.0
1441343.0
1015961.0
114802.0
792160.0
1979367.0
775102.0
1283437.0
475099.0
239397.0
902481.0
1021141.0
1003989.0
515328.0
2489752.0
16976.0
1846238.0
1202227.0
120286.0
29984.0
2350096.0
30336.0
212144.0
1229434.0
1647651.0
1461699.0
554485.0
1084995.0
184182.0
1022065.0
116352.0
969856.0
46656.0
2269250.0
2343458.0
1325403.0
831388.0
89256.0
2188574.0
1419377.0
2303444.0
787069.0
540481.0
949061.0
874735.0
1707672.0
1998203.0
967564.0
1704887.0
921862.0
440256.0
1956907.0
28717.0
903647.0
1160804.0
937272.0
837137.0
444158.0
810881.0
2078728.0
2473705.0
187251.0
1486011.0
1263082.0
2471868.0
878237.0
1207988.0
509372.0
2416444.0
802788.0
1874553.0
1418122.0
1240772.0
1156812.0
2048663.0
867552.0
1810293.0
1013962.0
21888.0
1509059.0
1631216.0
222443.0
1239139.0
0.0
0.0
1024290.0
937498.0
907551.0
1817209.0
1804733.0
33528.0
215992.0
0.0
1059175.0
998333.0
1722628.0
1044275.0
902611.0
901430.0
1198310.0
1020906.0
0.0
86152.0
755123.0
930253.0
916649.0
127959.0
1196931.0
1255340.0
0.0
1401549.0
893918.0
529920.0
1036498.0
1492003.0
290249.0
636502.0
1016736.0
55408.0
996129.0
1289634.0
905676.0
0.0
1016337.0
594103.0
1758194.0
2442100.0
916383.0
1176633.0
2335998.0
1434171.0
2673344.0
914082.0
2629194.0
2550169.0
1564330.0
1383281.0
1041954.0
866160.0
8112.0
1814719.0
1556722.0
1206134.0
1053801.0
950805.0
1531615.0
1446955.0
157184.0
1396126.0
725520.0
1446475.0
2276621.0
1901100.0
881641.0
1727404.0
1587062.0
111341.0
1466320.0
580447.0
1656198.0
1025167.0
1315086.0
16192.0
894154.0
1980419.0
893109.0
1554178.0
2102803.0
135544.0
900019.0
939592.0
185952.0
525952.0
2195736.0
29568.0
1238315.0
46848.0
583888.0
2375889.0
989535.0
1289278.0
1306944.0
1281157.0
1701020.0
1701507.0
2193155.0
2304.0
1101712.0
1036865.0
58420.0
2394201.0
1460154.0
654179.0
90304.0
1683187.0
1044877.0
1487590.0
1369361.0
641142.0
2067418.0
833483.0
1469300.0
1379284.0
1407157.0
572726.0
659423.0
645917.0
1676815.0
703893.0
2474980.0
846019.0
1778016.0
1212243.0
93640.0
643266.0
488790.0
578791.0
124875.0
1020869.0
2013851.0
2828855.0
992357.0
27192.0
0.0
104588.0
2488324.0
8496.0
1525510.0
2475407.0
1051716.0
1469585.0
880807.0
995539.0
1711932.0
34416.0
10048.0
777589.0
9216.0
1034215.0
1610115.0
370482.0
399872.0
633820.0
1348880.0
152600.0
0.0
172621.0
20288.0
862981.0
53824.0
2573685.0
1734404.0
248661.0
1199028.0
2351965.0
855870.0
1447113.0
1273088.0
1553162.0
51032.0
923281.0
1621173.0
125560.0
255026.0
1064311.0
8496.0
1900847.0
1213360.0
1556610.0
984975.0
1083769.0
703689.0
1495410.0
274752.0
505694.0
1613868.0
1367738.0
1686747.0
1471627.0
1375790.0
114166.0
928660.0
1441069.0
140325.0
116696.0
1015175.0
1154227.0
1607255.0
1480544.0
157616.0
1886713.0
24488.0
558297.0
444918.0
1552862.0
992916.0
1617668.0
2509567.0
1074953.0
0.0
1224508.0
2944023.0
1285490.0
1504614.0
145248.0
1442933.0
62960.0
826386.0
1022247.0
939909.0
1098775.0
39968.0
1253715.0
1015390.0
0.0
1511857.0
34920.0
1285013.0
1936669.0
101104.0
969394.0
654664.0
0.0
1706602.0
0.0
205400.0
1202907.0
282432.0
334842.0
1613810.0
1537941.0
2498507.0
551128.0
106224.0
1053961.0
1025780.0
1707667.0
107411.0
622206.0
1494922.0
182216.0
15424.0
222725.0
166768.0
934457.0
584219.0
1542769.0
1466599.0
1395865.0
1145521.0
948319.0
252260.0
1857658.0
148682.0
194448.0
133681.0
173312.0
675667.0
4096.0
1150478.0
1817482.0
1501102.0
1480155.0
1374275.0
1190378.0
653416.0
795002.0
969836.0
65568.0
1224790.0
196729.0
55104.0
1015148.0
144256.0
236776.0
250961.0
1208935.0
226776.0
1914114.0
1053173.0
10720.0
1606366.0
47624.0
1078997.0
712110.0
1206041.0
873294.0
1242478.0
1736829.0
1470956.0
504369.0
25528.0
2509752.0
22336.0
2066630.0
933638.0
757749.0
26744.0
70784.0
55424.0
1412769.0
45696.0
1627409.0
2162797.0
867998.0
179173.0
163041.0
1174333.0
711390.0
79972.0
152992.0
221513.0
833546.0
279015.0
756364.0
900653.0
215248.0
794988.0
1385747.0
98104.0
21240.0
151896.0
1268721.0
2112214.0
677319.0
0.0
658654.0
187136.0
1033730.0
966255.0
774431.0
90176.0
659843.0
1207252.0
172390.0
84624.0
941206.0
970031.0
922865.0
1726039.0
1699814.0
1322585.0
1656217.0
135247.0
908743.0
2670846.0
929810.0
1054549.0
237924.0
18360.0
897782.0
1808952.0
811878.0
2400771.0
198313.0
11520.0
1101880.0
1071370.0
732537.0
212576.0
843728.0
1386961.0
27296.0
541155.0
750811.0
1014814.0
126208.0
1468886.0
1046141.0
1243019.0
742376.0
1902367.0
1542150.0
1249084.0
21312.0
1086235.0
2184187.0
1564672.0
2040636.0
1312981.0
589896.0
974605.0
940391.0
1647912.0
1038650.0
29320.0
1313230.0
139432.0
2633332.0
9792.0
90872.0
994458.0
11840.0
957015.0
127729.0
873770.0
888044.0
0.0
1412917.0
760674.0
849065.0
257633.0
1242938.0
691660.0
903043.0
157495.0
117120.0
938608.0
54840.0
545472.0
1789399.0
1524133.0
2148043.0
1599675.0
124202.0
296232.0
970333.0
250091.0
73384.0
2691394.0
30144.0
231928.0
850343.0
158676.0
220009.0
977096.0
223992.0
802441.0
15936.0
29248.0
1017195.0
988443.0
1732686.0
1442462.0
1688128.0
2101964.0
212360.0
132900.0
1472593.0
2897861.0
2041242.0
613727.0
572845.0
1302653.0
50928.0
1984792.0
123672.0
2574285.0
446673.0
978702.0
35264.0
666932.0
584374.0
2417836.0
66368.0
1739720.0
16128.0
1994977.0
2345222.0
1704506.0
827558.0
1704313.0
105784.0
1349803.0
151596.0
175447.0
872823.0
1557398.0
900154.0
1605804.0
306570.0
815984.0
1612066.0
1480157.0
1128220.0
103328.0
156773.0
98271.0
412202.0
1457063.0
1072117.0
1155379.0
1656722.0
865474.0
260882.0
1087070.0
607814.0
1010457.0
1761522.0
28224.0
176608.0
459476.0
174928.0
914615.0
1133604.0
647935.0
662775.0
2134263.0
1906049.0
399638.0
53912.0
841860.0
1769511.0
1814293.0
745531.0
1792201.0
1450042.0
1552851.0
1116775.0
688237.0
553519.0
182786.0
944863.0
840436.0
620352.0
866727.0
1518000.0
2461929.0
875965.0
23872.0
1571826.0
1396601.0
173372.0
36992.0
904896.0
2044909.0
764944.0
1011813.0
2286268.0
1616999.0
1028946.0
985183.0
153212.0
1754231.0
0.0
1457033.0
835807.0
981598.0
1328061.0
2031647.0
1871815.0
553692.0
1141311.0
933199.0
255268.0
582345.0
865158.0
416732.0
843065.0
1145165.0
980747.0
802830.0
596472.0
119016.0
971504.0
852795.0
1111795.0
134912.0
1004495.0
264488.0
1112374.0
58816.0
1163724.0
1495822.0
1176373.0
283143.0
768347.0
134000.0
182399.0
1650145.0
993119.0
33152.0
1212315.0
774801.0
127964.0
2173598.0
1159710.0
1126402.0
93120.0
454825.0
1319084.0
1604801.0
929280.0
633775.0
1501340.0
2480426.0
191308.0
922794.0
2280719.0
612669.0
929000.0
1235025.0
1126560.0
242720.0
224280.0
1285373.0
28624.0
1148379.0
704837.0
925721.0
1596402.0
91009.0
37056.0
2046681.0
852726.0
857770.0
263038.0
1153826.0
498094.0
774621.0
1479189.0
1517263.0
297228.0
1610740.0
1087545.0
207096.0
449792.0
1739494.0
1499546.0
331493.0
244848.0
614292.0
1076103.0
994609.0
805223.0
852972.0
809009.0
144517.0
957351.0
852356.0
61056.0
958125.0
1195870.0
1236338.0
26736.0
1165981.0
2068732.0
197528.0
0.0
22848.0
28744.0
962643.0
1019865.0
1024.0
226106.0
1230622.0
2010326.0
1079639.0
2018741.0
1482869.0
3392.0
158963.0
1098785.0
812063.0
162880.0
1054471.0
1353720.0
391921.0
1884452.0
1116113.0
0.0
201168.0
1127138.0
2155829.0
2610559.0
3672.0
150656.0
1321468.0
500864.0
698198.0
1092146.0
1058762.0
176901.0
868570.0
1310270.0
1307019.0
232896.0
1237615.0
601122.0
155722.0
1209807.0
63936.0
2094965.0
541647.0
1293012.0
925404.0
83840.0
1236767.0
181096.0
256456.0
301696.0
206264.0
1901887.0
574728.0
129648.0
763118.0
443264.0
638047.0
875833.0
198627.0
118795.0
141476.0
797466.0
245159.0
172074.0
37632.0
88816.0
23752.0
77440.0
948254.0
158310.0
575480.0
210766.0
48448.0
1242701.0
785630.0
109064.0
1530311.0
2581483.0
1796853.0
436462.0
759498.0
29112.0
1811245.0
827532.0
225245.0
46272.0
1590179.0
252338.0
2134956.0
1802935.0
721021.0
699450.0
867746.0
34944.0
643388.0
1055547.0
1457753.0
974119.0
978863.0
1219008.0
88476.0
35904.0
457510.0
2407839.0
421056.0
121488.0
503352.0
1422609.0
1435034.0
718856.0
946237.0
762892.0
579333.0
1176565.0
2263983.0
737873.0
1022328.0
1105192.0
1271540.0
220869.0
1121965.0
1941313.0
67023.0
819728.0
754433.0
2033811.0
129504.0
170200.0
929484.0
1042828.0
1516992.0
2576355.0
1851418.0
851249.0
49984.0
2177553.0
1407735.0
290294.0
68344.0
927180.0
1560770.0
1367140.0
948622.0
817513.0
831363.0
556850.0
1783435.0
244560.0
772166.0
1083076.0
1411842.0
933782.0
896973.0
209984.0
1250830.0
186617.0
766090.0
828202.0
2006299.0
1463151.0
197726.0
179112.0
1059451.0
1163737.0
997534.0
868789.0
969838.0
503448.0
1288491.0
898691.0
1542748.0
1721480.0
1581228.0
2761745.0
993501.0
1219712.0
513406.0
1368229.0
1542209.0
869846.0
768909.0
852806.0
127974.0
1109409.0
999735.0
925190.0
783327.0
994292.0
687410.0
2304.0
434848.0
856213.0
873735.0
198533.0
2017779.0
64576.0
649979.0
1457739.0
833722.0
17024.0
2391047.0
983222.0
274545.0
261228.0
1274753.0
795742.0
267715.0
2153905.0
646491.0
1546128.0
704488.0
2520279.0
110592.0
760172.0
217840.0
831945.0
234240.0
2503364.0
903287.0
430229.0
97600.0
176064.0
1606964.0
185368.0
1619817.0
1633077.0
2057708.0
1922088.0
1216020.0
64048.0
242181.0
791804.0
1698800.0
826088.0
973697.0
1769356.0
91200.0
1620675.0
296351.0
58009.0
1458220.0
1354061.0
260912.0
863270.0
223446.0
1316913.0
370272.0
2408275.0
927872.0
1034575.0
1015783.0
1743538.0
170900.0
1096004.0
717793.0
1543965.0
1027355.0
931967.0
87232.0
1329662.0
1899188.0
582993.0
53632.0
183289.0
1161081.0
1359126.0
2468808.0
163552.0
1927821.0
457623.0
2339772.0
1569768.0
821016.0
964745.0
795628.0
842438.0
1240399.0
1692182.0
904825.0
2381406.0
81656.0
597093.0
1162621.0
1191222.0
930077.0
505435.0
486540.0
886036.0
1242826.0
826781.0
1020521.0
846977.0
1342459.0
587865.0
1556737.0
226687.0
1860418.0
1854560.0
2602607.0
1197057.0
806142.0
1021277.0
178560.0
71757.0
1697479.0
908243.0
1896921.0
907186.0
161640.0
1097608.0
2951372.0
1159768.0
866870.0
283958.0
5296.0
23168.0
1000910.0
248911.0
37952.0
271007.0
1362849.0
903806.0
1426573.0
1217709.0
201571.0
960663.0
1396523.0
1499303.0
719119.0
1550665.0
1127989.0
0.0
1061673.0
968811.0
1205213.0
90776.0
1188878.0
1461168.0
2151321.0
1298245.0
19104.0
859962.0
179905.0
871718.0
1260689.0
153177.0
1045346.0
1079127.0
2163716.0
1785610.0
221376.0
159395.0
1490120.0
1340934.0
785026.0
1524996.0
1728196.0
171384.0
609253.0
1079913.0
1436077.0
200078.0
1898404.0
522752.0
221004.0
1378907.0
1731632.0
245532.0
114079.0
1087627.0
785706.0
1890930.0
2051306.0
492608.0
1070808.0
909096.0
1118243.0
1111284.0
679543.0
651447.0
840842.0
1276320.0
33376.0
950102.0
1093255.0
1850070.0
1010648.0
1009383.0
296850.0
19512.0
971502.0
0.0
186755.0
1405813.0
1038151.0
1639957.0
1510652.0
1769101.0
116480.0
1429106.0
1043779.0
532715.0
1230431.0
1650377.0
1484226.0
185672.0
1870128.0
1738389.0
1176770.0
1020280.0
124080.0
618263.0
16432.0
1211460.0
2469028.0
801492.0
